5;naval_base;1883;11;225;0;5926
5;naval_base;1839;11;222;0;9009
5;naval_base;1911;11;259;0;5951
5;naval_base;1865;11;222;0;5926
5;naval_base;1891;11;229;0;5926
5;naval_base;1830;11;199;0;9009
5;naval_base;1888;11;293;0;5951
5;naval_base;1905;11;278;0;5951
5;naval_base;1834;11;216;0;9009
7;naval_base;1885;11;312;0;5951
7;naval_base;1890;11;326;0;5951
13;naval_base;1769;11;138;0;5828
13;naval_base;1808;11;192;0;9009
13;naval_base;1799;11;173;0;9009
14;naval_base;1747;11;81;0;8986
14;naval_base;1731;11;37;0;8866
14;naval_base;1772;11;29;0;2777
14;naval_base;1776;11;115;0;5828
15;naval_base;1702;11;149;0;2508
15;naval_base;1694;11;159;0;2508
15;naval_base;1684;11;140;0;2508
15;naval_base;1698;11;190;0;5424
15;naval_base;1719;11;58;0;2532
15;naval_base;1732;11;33;0;8866
15;naval_base;1698;11;53;0;2532
15;naval_base;1689;11;104;0;5473
15;naval_base;1690;11;70;0;2532
15;naval_base;1688;11;123;0;2508
15;naval_base;1684;11;212;0;5375
18;naval_base;2869;11;1545;0;8621
18;naval_base;2847;11;1540;0;8621
18;naval_base;2854;11;1543;0;8621
18;naval_base;2871;11;1544;0;8621
20;naval_base;3901;11;990;0;608
20;naval_base;3923;11;989;0;608
20;naval_base;3932;11;1006;0;608
20;naval_base;3903;11;1018;0;2564
20;naval_base;3941;11;1005;0;608
20;naval_base;3892;11;1000;0;608
24;naval_base;1706;11;463;0;5304
24;naval_base;1713;11;523;0;5277
24;naval_base;1710;11;498;0;5277
30;naval_base;4522;11;672;0;2904
30;naval_base;4542;11;677;0;2904
30;naval_base;4627;11;755;0;2857
30;naval_base;4569;11;695;0;2882
30;naval_base;4604;11;724;0;2857
30;naval_base;4590;11;719;0;2882
30;naval_base;4638;11;752;0;2857
30;naval_base;4618;11;741;0;2857
30;naval_base;4583;11;711;0;2882
30;naval_base;4607;11;732;0;2857
30;naval_base;4554;11;691;0;2882
30;naval_base;4534;11;668;0;2904
31;naval_base;2082;11;482;0;8716
31;naval_base;2067;11;469;0;2643
31;naval_base;2056;11;462;0;2643
31;naval_base;2104;11;490;0;2694
32;naval_base;2013;11;908;0;1439
34;naval_base;1988;11;844;0;2569
34;naval_base;2096;11;847;0;1215
34;naval_base;2037;11;844;0;2569
34;naval_base;2076;11;855;0;1215
34;naval_base;2153;11;825;0;2472
34;naval_base;2037;11;835;0;2569
36;naval_base;2192;11;817;0;2398
36;naval_base;2225;11;791;0;2398
36;naval_base;2158;11;822;0;2472
36;naval_base;2203;11;810;0;2398
36;naval_base;2218;11;795;0;2398
36;naval_base;2252;11;786;0;2849
37;naval_base;2258;11;771;0;2849
37;naval_base;2261;11;740;0;8427
37;naval_base;2224;11;692;0;995
37;naval_base;2253;11;721;0;995
37;naval_base;2241;11;707;0;995
38;naval_base;2197;11;646;0;8507
38;naval_base;2199;11;616;0;597
38;naval_base;2216;11;673;0;995
38;naval_base;2196;11;606;0;597
40;naval_base;2169;11;531;0;8452
40;naval_base;2116;11;495;0;2694
40;naval_base;2150;11;502;0;2719
40;naval_base;2185;11;567;0;8480
40;naval_base;2131;11;498;0;2694
40;naval_base;2179;11;544;0;8452
40;naval_base;2160;11;511;0;2719
41;naval_base;2047;11;441;0;2643
41;naval_base;2043;11;415;0;2643
41;naval_base;2054;11;456;0;2643
41;naval_base;2040;11;420;0;2643
42;naval_base;1994;11;358;0;5975
42;naval_base;1980;11;332;0;5975
42;naval_base;2006;11;356;0;5975
42;naval_base;2021;11;382;0;6256
47;naval_base;4410;11;840;0;4002
47;naval_base;4413;11;834;0;4002
47;naval_base;4416;11;828;0;4002
47;naval_base;4426;11;816;0;4240
48;naval_base;4681;11;1034;0;5322
48;naval_base;4698;11;1021;0;5367
48;naval_base;4703;11;1037;0;2829
48;naval_base;4707;11;1053;0;2829
48;naval_base;4693;11;1053;0;5322
48;naval_base;4705;11;1044;0;2829
48;naval_base;4689;11;1010;0;5367
48;naval_base;4687;11;1044;0;5322
48;naval_base;4680;11;1026;0;5322
49;naval_base;4590;11;1012;0;5269
50;naval_base;4659;11;1310;0;2734
50;naval_base;4669;11;1320;0;2734
50;naval_base;4640;11;1302;0;2734
50;naval_base;4691;11;1336;0;2734
50;naval_base;4641;11;1305;0;2734
50;naval_base;4684;11;1327;0;2734
50;naval_base;4654;11;1310;0;2734
51;naval_base;1694;11;342;0;2457
51;naval_base;1694;11;387;0;2457
51;naval_base;1691;11;365;0;2457
51;naval_base;1696;11;308;0;5353
51;naval_base;1705;11;435;0;5330
52;naval_base;1684;11;255;0;2482
52;naval_base;1690;11;273;0;2482
53;naval_base;1530;11;990;0;3442
53;naval_base;1522;11;1013;0;2284
53;naval_base;1533;11;1009;0;2284
53;naval_base;1556;11;1016;0;2284
53;naval_base;1569;11;1021;0;2284
53;naval_base;1595;11;1008;0;2547
55;naval_base;1641;11;1042;0;2258
55;naval_base;1695;11;1064;0;2232
55;naval_base;1605;11;999;0;2547
55;naval_base;1658;11;1049;0;2258
55;naval_base;1597;11;934;0;2311
55;naval_base;1614;11;1011;0;2547
55;naval_base;1634;11;1043;0;2258
56;naval_base;1600;11;925;0;2311
56;naval_base;1580;11;907;0;2311
57;naval_base;4476;11;988;0;5244
57;naval_base;4461;11;972;0;5244
57;naval_base;4470;11;981;0;5244
57;naval_base;4481;11;991;0;5244
58;naval_base;4477;11;922;0;5127
58;naval_base;4506;11;886;0;4912
58;naval_base;4486;11;914;0;5127
58;naval_base;4456;11;950;0;5244
58;naval_base;4470;11;930;0;5127
58;naval_base;4455;11;957;0;5244
58;naval_base;4503;11;895;0;4912
58;naval_base;4495;11;906;0;5127
58;naval_base;4457;11;965;0;5244
58;naval_base;4461;11;943;0;5244
59;naval_base;4509;11;838;0;4466
59;naval_base;4509;11;877;0;4689
59;naval_base;4468;11;812;0;3218
59;naval_base;4463;11;807;0;3218
59;naval_base;4439;11;810;0;4240
59;naval_base;4443;11;800;0;3425
59;naval_base;4510;11;868;0;4689
59;naval_base;4442;11;787;0;3425
59;naval_base;4475;11;817;0;3218
59;naval_base;4512;11;856;0;4689
59;naval_base;4469;11;801;0;3218
59;naval_base;4455;11;794;0;3218
59;naval_base;4510;11;845;0;4466
59;naval_base;4487;11;817;0;3218
59;naval_base;4436;11;814;0;4240
59;naval_base;4506;11;829;0;4466
59;naval_base;4483;11;815;0;3218
61;naval_base;2489;11;1922;0;8490
61;naval_base;2012;11;1954;0;600
61;naval_base;2269;11;2005;0;5337
61;naval_base;2079;11;1867;0;419
61;naval_base;2460;11;1915;0;8436
61;naval_base;2590;11;1914;0;8413
61;naval_base;2173;11;1958;0;5361
62;naval_base;2946;11;1669;0;2455
62;naval_base;2978;11;1673;0;2431
62;naval_base;2934;11;1640;0;6816
62;naval_base;2942;11;1657;0;2506
62;naval_base;2961;11;1638;0;2408
62;naval_base;2966;11;1661;0;2431
62;naval_base;2969;11;1648;0;2408
63;naval_base;2941;11;1625;0;2729
63;naval_base;2959;11;1623;0;2408
64;naval_base;2977;11;1637;0;2408
64;naval_base;2994;11;1619;0;2358
64;naval_base;2962;11;1634;0;2408
64;naval_base;2976;11;1622;0;2408
64;naval_base;3001;11;1637;0;2382
64;naval_base;3042;11;1625;0;2333
64;naval_base;2997;11;1628;0;2382
65;naval_base;2802;11;738;0;1661
66;naval_base;1804;11;1165;0;5507
67;naval_base;3258;11;1157;0;6011
67;naval_base;3274;11;1164;0;6011
67;naval_base;3267;11;1159;0;6011
68;naval_base;3198;11;1170;0;5961
68;naval_base;3215;11;1169;0;5985
68;naval_base;3240;11;1163;0;5985
68;naval_base;3248;11;1161;0;5985
68;naval_base;3228;11;1167;0;5985
70;naval_base;3326;11;1109;0;5388
70;naval_base;3315;11;1126;0;5388
71;naval_base;3347;11;1063;0;2825
71;naval_base;3361;11;1041;0;2825
71;naval_base;3331;11;1096;0;5388
71;naval_base;3342;11;1074;0;2825
73;naval_base;3374;11;1012;0;8742
73;naval_base;3393;11;951;0;8766
73;naval_base;3387;11;992;0;8742
75;naval_base;3414;11;926;0;2800
75;naval_base;3417;11;911;0;2800
75;naval_base;3459;11;872;0;2800
75;naval_base;3427;11;897;0;2800
76;naval_base;1406;11;1087;0;2912
76;naval_base;1425;11;1082;0;3239
77;naval_base;858;11;1728;0;5257
77;naval_base;871;11;1731;0;5257
77;naval_base;883;11;1727;0;5257
77;naval_base;844;11;1747;0;5257
77;naval_base;772;11;1840;0;4722
77;naval_base;747;11;1808;0;5150
77;naval_base;857;11;1743;0;5257
77;naval_base;884;11;1721;0;5257
77;naval_base;881;11;1715;0;5257
77;naval_base;804;11;1784;0;2945
77;naval_base;856;11;1758;0;5257
77;naval_base;786;11;1806;0;5150
77;naval_base;823;11;1763;0;2945
77;naval_base;816;11;1751;0;2945
77;naval_base;821;11;1738;0;2945
80;naval_base;1326;11;1945;0;451
80;naval_base;1355;11;1920;0;451
80;naval_base;1373;11;1894;0;451
81;naval_base;1472;11;2038;0;48
81;naval_base;1698;11;2030;0;1256
81;naval_base;1790;11;2034;0;6054
81;naval_base;1368;11;2026;0;255
82;naval_base;1485;11;1852;0;8815
82;naval_base;1447;11;1867;0;8815
82;naval_base;1542;11;1781;0;9092
82;naval_base;1555;11;1766;0;9092
83;naval_base;1581;11;1789;0;9092
83;naval_base;1712;11;1685;0;8642
83;naval_base;1713;11;1693;0;8642
83;naval_base;1791;11;1964;0;5953
83;naval_base;1772;11;1701;0;8614
83;naval_base;1796;11;1705;0;8614
83;naval_base;1724;11;1708;0;8642
83;naval_base;1712;11;1986;0;8930
83;naval_base;1698;11;1676;0;8642
83;naval_base;1803;11;1735;0;8642
83;naval_base;1737;11;1721;0;8642
83;naval_base;1924;11;1776;0;2935
83;naval_base;1858;11;1745;0;8642
83;naval_base;1759;11;1737;0;8642
83;naval_base;1570;11;1771;0;9092
83;naval_base;1595;11;1999;0;1482
83;naval_base;1702;11;1681;0;8642
83;naval_base;1731;11;1705;0;8642
83;naval_base;1585;11;1849;0;8768
84;naval_base;1802;11;1629;0;8566
84;naval_base;1797;11;1655;0;8566
84;naval_base;1784;11;1646;0;8566
84;naval_base;1772;11;1642;0;8566
84;naval_base;1818;11;1667;0;8614
84;naval_base;1859;11;1676;0;2768
84;naval_base;1793;11;1689;0;8614
84;naval_base;1774;11;1615;0;8566
84;naval_base;1806;11;1647;0;8566
84;naval_base;1809;11;1629;0;2817
84;naval_base;1777;11;1697;0;8614
84;naval_base;1824;11;1634;0;2817
84;naval_base;1844;11;1641;0;2817
85;naval_base;1843;11;1888;0;5928
85;naval_base;1935;11;1810;0;3633
85;naval_base;1965;11;1692;0;2361
85;naval_base;1882;11;1699;0;2768
85;naval_base;1901;11;1842;0;5928
85;naval_base;1961;11;1677;0;2361
85;naval_base;1941;11;1689;0;2361
85;naval_base;1923;11;1744;0;2935
86;naval_base;1637;11;1244;0;5674
86;naval_base;1581;11;1302;0;7910
86;naval_base;1616;11;1272;0;7910
86;naval_base;1595;11;1261;0;7006
86;naval_base;1691;11;1219;0;7230
86;naval_base;1610;11;1162;0;2500
86;naval_base;1589;11;1166;0;2500
86;naval_base;1837;11;1420;0;5409
87;naval_base;2687;11;1637;0;3785
87;naval_base;2677;11;1638;0;3785
87;naval_base;2703;11;1616;0;8340
87;naval_base;2701;11;1637;0;3590
87;naval_base;2708;11;1628;0;3590
88;naval_base;2698;11;1581;0;3990
88;naval_base;2696;11;1612;0;8340
88;naval_base;2655;11;1595;0;4662
88;naval_base;2700;11;1589;0;3990
88;naval_base;2650;11;1597;0;4662
88;naval_base;2640;11;1613;0;4662
88;naval_base;2638;11;1601;0;4662
88;naval_base;2699;11;1600;0;3990
88;naval_base;2656;11;1619;0;8393
89;naval_base;2647;11;1581;0;8418
89;naval_base;2643;11;1573;0;8418
89;naval_base;2668;11;1567;0;4212
89;naval_base;2657;11;1562;0;4212
89;naval_base;2683;11;1574;0;4212
89;naval_base;2649;11;1591;0;4662
90;naval_base;2728;11;1713;0;8367
90;naval_base;2765;11;1686;0;2942
90;naval_base;2749;11;1667;0;2942
90;naval_base;2733;11;1695;0;3195
90;naval_base;2701;11;1685;0;3590
90;naval_base;2721;11;1683;0;3195
90;naval_base;2688;11;1699;0;3590
90;naval_base;2724;11;1686;0;3195
90;naval_base;2779;11;1757;0;8288
90;naval_base;2706;11;1694;0;3590
90;naval_base;2749;11;1661;0;2942
90;naval_base;2726;11;1683;0;3195
90;naval_base;2712;11;1702;0;3590
90;naval_base;2733;11;1690;0;3195
90;naval_base;2746;11;1720;0;3195
90;naval_base;2761;11;1677;0;2942
90;naval_base;2713;11;1668;0;3590
90;naval_base;2753;11;1694;0;3195
90;naval_base;2690;11;1669;0;3590
91;naval_base;2717;11;1658;0;3590
91;naval_base;2709;11;1651;0;3590
91;naval_base;2716;11;1635;0;3590
91;naval_base;2721;11;1659;0;3590
91;naval_base;2719;11;1650;0;3590
91;naval_base;2721;11;1642;0;3590
91;naval_base;2730;11;1631;0;8340
91;naval_base;2737;11;1657;0;2942
91;naval_base;2751;11;1656;0;2942
91;naval_base;2743;11;1634;0;8340
91;naval_base;2758;11;1655;0;2942
92;naval_base;2740;11;1559;0;8314
92;naval_base;2729;11;1562;0;8314
92;naval_base;2732;11;1578;0;3990
92;naval_base;2723;11;1588;0;3990
92;naval_base;2739;11;1597;0;8340
92;naval_base;2716;11;1570;0;3990
93;naval_base;2751;11;1597;0;8340
93;naval_base;2723;11;1617;0;8340
93;naval_base;2749;11;1611;0;8340
93;naval_base;2748;11;1600;0;8340
93;naval_base;2745;11;1616;0;8340
93;naval_base;2741;11;1627;0;8340
94;naval_base;2772;11;1636;0;2942
94;naval_base;2775;11;1629;0;2942
94;naval_base;2792;11;1611;0;2918
94;naval_base;2770;11;1647;0;2942
94;naval_base;2786;11;1623;0;2918
95;naval_base;2801;11;1596;0;7468
95;naval_base;2794;11;1603;0;7468
95;naval_base;2798;11;1588;0;7468
96;naval_base;2815;11;1568;0;2824
96;naval_base;2821;11;1576;0;2799
96;naval_base;2822;11;1585;0;2799
96;naval_base;2810;11;1590;0;7468
96;naval_base;2809;11;1562;0;2824
97;naval_base;2814;11;1557;0;2824
97;naval_base;2769;11;1545;0;2895
97;naval_base;2783;11;1545;0;2895
97;naval_base;2793;11;1546;0;2895
97;naval_base;2805;11;1557;0;2824
98;naval_base;2740;11;1538;0;4370
98;naval_base;2756;11;1562;0;8314
98;naval_base;2765;11;1547;0;2895
98;naval_base;2749;11;1544;0;4370
98;naval_base;2754;11;1564;0;8314
98;naval_base;2707;11;1532;0;4212
98;naval_base;2749;11;1557;0;8314
98;naval_base;2738;11;1554;0;8314
98;naval_base;2727;11;1549;0;8314
99;naval_base;2709;11;1258;0;5382
100;naval_base;3032;11;1250;0;5707
104;naval_base;4183;11;1002;0;6443
104;naval_base;4178;11;1002;0;6443
104;naval_base;4216;11;1028;0;5873
104;naval_base;4182;11;1009;0;6443
104;naval_base;4208;11;1007;0;5873
104;naval_base;4195;11;1002;0;5873
104;naval_base;4243;11;1000;0;5873
104;naval_base;4217;11;1021;0;5873
104;naval_base;4270;11;756;0;2125
104;naval_base;4213;11;1009;0;5873
104;naval_base;4222;11;1024;0;5873
104;naval_base;4233;11;1014;0;5873
104;naval_base;4257;11;848;0;8313
105;naval_base;4217;11;1030;0;5873
107;naval_base;4157;11;976;0;6443
107;naval_base;4135;11;969;0;6633
107;naval_base;4162;11;987;0;6443
110;naval_base;3907;11;1024;0;2564
110;naval_base;3900;11;1021;0;2564
110;naval_base;3943;11;986;0;608
110;naval_base;3872;11;1034;0;2590
110;naval_base;3943;11;998;0;608
110;naval_base;3941;11;1011;0;608
111;naval_base;3945;11;956;0;2394
111;naval_base;3952;11;911;0;427
111;naval_base;3940;11;969;0;2394
111;naval_base;3949;11;921;0;427
111;naval_base;3965;11;883;0;2370
111;naval_base;3946;11;939;0;2394
112;naval_base;4051;11;822;0;7253
112;naval_base;4025;11;784;0;7933
112;naval_base;4042;11;807;0;7479
112;naval_base;4040;11;795;0;7479
112;naval_base;4010;11;778;0;2441
112;naval_base;4058;11;856;0;7253
112;naval_base;4050;11;831;0;7253
113;naval_base;4056;11;894;0;7029
113;naval_base;4092;11;924;0;7029
113;naval_base;4068;11;903;0;7029
113;naval_base;4076;11;912;0;7029
113;naval_base;4072;11;906;0;7029
113;naval_base;4123;11;949;0;6633
113;naval_base;4057;11;882;0;7029
113;naval_base;4107;11;935;0;6825
113;naval_base;4127;11;954;0;6633
113;naval_base;4057;11;872;0;7029
113;naval_base;4136;11;964;0;6633
114;naval_base;3973;11;857;0;2370
114;naval_base;3987;11;831;0;224
114;naval_base;3970;11;872;0;2370
114;naval_base;3979;11;841;0;224
115;naval_base;3992;11;817;0;224
116;naval_base;4080;11;749;0;7705
116;naval_base;3942;11;758;0;34
116;naval_base;4055;11;747;0;7933
116;naval_base;4052;11;777;0;7479
116;naval_base;4066;11;795;0;7479
116;naval_base;4073;11;785;0;7479
116;naval_base;4083;11;763;0;7705
116;naval_base;3975;11;517;0;2929
117;naval_base;4340;11;870;0;5718
117;naval_base;4343;11;863;0;5718
117;naval_base;4331;11;910;0;5692
117;naval_base;4347;11;839;0;5718
117;naval_base;4333;11;889;0;5692
117;naval_base;4344;11;815;0;5745
117;naval_base;4332;11;897;0;5692
117;naval_base;4342;11;848;0;5718
118;naval_base;4267;11;968;0;5850
118;naval_base;4247;11;987;0;5850
118;naval_base;4309;11;916;0;5692
118;naval_base;4278;11;948;0;5823
118;naval_base;4324;11;919;0;5692
118;naval_base;4289;11;906;0;5692
118;naval_base;4282;11;935;0;5823
118;naval_base;4280;11;908;0;5692
118;naval_base;4306;11;912;0;5692
118;naval_base;4256;11;976;0;5850
118;naval_base;4317;11;926;0;5692
118;naval_base;4299;11;905;0;5692
119;naval_base;4381;11;705;0;5960
119;naval_base;4432;11;689;0;5539
119;naval_base;4396;11;685;0;5960
119;naval_base;4413;11;674;0;5960
119;naval_base;4374;11;728;0;5960
119;naval_base;4419;11;708;0;3616
119;naval_base;4404;11;680;0;5960
119;naval_base;4388;11;693;0;5960
119;naval_base;4429;11;672;0;5539
119;naval_base;4376;11;718;0;5960
119;naval_base;4420;11;696;0;5539
119;naval_base;4424;11;667;0;5539
120;naval_base;2566;11;864;0;8889
121;naval_base;2623;11;763;0;1212
122;naval_base;2767;11;729;0;1661
123;naval_base;1913;11;966;0;1665
123;naval_base;1892;11;988;0;1890
125;naval_base;3255;11;117;0;5443
125;naval_base;3200;11;88;0;2359
125;naval_base;3276;11;138;0;5395
127;naval_base;3996;11;34;0;8529
127;naval_base;3673;11;575;0;5901
127;naval_base;3713;11;334;0;2555
128;naval_base;1895;11;81;0;2580
129;naval_base;1428;11;1150;0;5814
130;naval_base;1829;11;1144;0;2887
131;naval_base;1854;11;1080;0;5533
131;naval_base;1847;11;1033;0;2597
131;naval_base;1851;11;1117;0;5533
131;naval_base;1841;11;1062;0;2597
131;naval_base;1880;11;1080;0;2791
131;naval_base;1852;11;1091;0;5533
131;naval_base;1858;11;1050;0;2597
132;naval_base;5163;11;204;0;5341
132;naval_base;5125;11;119;0;5318
132;naval_base;5108;11;82;0;4679
132;naval_base;5128;11;128;0;5318
132;naval_base;5157;11;181;0;5459
132;naval_base;5143;11;158;0;5318
132;naval_base;5160;11;254;0;5365
132;naval_base;5163;11;240;0;5341
132;naval_base;5166;11;230;0;5341
132;naval_base;5164;11;217;0;5341
132;naval_base;5136;11;144;0;5318
132;naval_base;5119;11;105;0;5484
133;naval_base;5061;11;69;0;5122
133;naval_base;5060;11;22;0;5240
133;naval_base;5069;11;9;0;5240
133;naval_base;5006;11;74;0;5510
133;naval_base;5072;11;36;0;5240
133;naval_base;5085;11;16;0;5240
133;naval_base;5053;11;75;0;5122
133;naval_base;5028;11;68;0;5122
133;naval_base;5101;11;82;0;4679
133;naval_base;5085;11;77;0;4679
133;naval_base;5039;11;49;0;5122
133;naval_base;5088;11;41;0;5240
134;naval_base;5004;11;405;0;8993
134;naval_base;4973;11;398;0;8993
134;naval_base;5021;11;475;0;5563
134;naval_base;4996;11;388;0;8993
134;naval_base;5151;11;280;0;5365
134;naval_base;5064;11;388;0;5639
134;naval_base;5092;11;350;0;6030
134;naval_base;5007;11;456;0;5563
134;naval_base;5005;11;425;0;8993
134;naval_base;5157;11;271;0;5365
134;naval_base;5070;11;363;0;6030
134;naval_base;5030;11;449;0;5613
134;naval_base;5041;11;430;0;5613
134;naval_base;5048;11;426;0;5613
134;naval_base;5057;11;402;0;5639
134;naval_base;5109;11;330;0;5967
134;naval_base;5129;11;309;0;5967
134;naval_base;5113;11;316;0;5967
134;naval_base;5142;11;290;0;5365
134;naval_base;5065;11;378;0;5639
134;naval_base;4984;11;382;0;8993
135;naval_base;4987;11;85;0;5510
135;naval_base;4922;11;131;0;5536
135;naval_base;4884;11;174;0;5694
135;naval_base;4858;11;179;0;5694
135;naval_base;4957;11;159;0;5771
135;naval_base;4951;11;125;0;5771
135;naval_base;4952;11;157;0;5771
135;naval_base;4907;11;157;0;5720
135;naval_base;4961;11;135;0;5771
135;naval_base;4971;11;120;0;5771
135;naval_base;4982;11;100;0;5510
136;naval_base;4633;11;245;0;8948
136;naval_base;4643;11;219;0;8948
136;naval_base;4657;11;175;0;5584
136;naval_base;4801;11;169;0;5491
136;naval_base;4732;11;359;0;811
136;naval_base;4653;11;185;0;5584
136;naval_base;4626;11;287;0;8972
136;naval_base;4655;11;330;0;1911
136;naval_base;4830;11;423;0;5263
136;naval_base;4647;11;141;0;2442
136;naval_base;4698;11;134;0;2516
136;naval_base;4696;11;344;0;1686
136;naval_base;4755;11;396;0;616
136;naval_base;4655;11;160;0;5584
136;naval_base;4673;11;126;0;2516
136;naval_base;4779;11;399;0;616
136;naval_base;4640;11;318;0;1911
136;naval_base;4728;11;144;0;8923
136;naval_base;4782;11;413;0;616
136;naval_base;4636;11;265;0;8972
136;naval_base;4822;11;171;0;5560
136;naval_base;4777;11;159;0;5491
136;naval_base;4765;11;146;0;5491
137;naval_base;4941;11;459;0;5316
137;naval_base;4925;11;461;0;5316
137;naval_base;4852;11;446;0;5263
137;naval_base;4873;11;458;0;5513
137;naval_base;4928;11;417;0;5340
137;naval_base;4923;11;426;0;5340
137;naval_base;4936;11;411;0;5340
137;naval_base;4859;11;455;0;5263
137;naval_base;4850;11;466;0;5263
137;naval_base;4885;11;463;0;5513
137;naval_base;4879;11;472;0;5513
137;naval_base;4901;11;464;0;5538
137;naval_base;4847;11;424;0;5263
137;naval_base;4928;11;435;0;5340
138;naval_base;5550;11;185;0;5637
138;naval_base;5549;11;167;0;5637
138;naval_base;5580;11;129;0;5386
138;naval_base;5556;11;112;0;5386
138;naval_base;5543;11;201;0;5511
138;naval_base;5530;11;231;0;5635
138;naval_base;5575;11;180;0;5611
138;naval_base;5593;11;156;0;5585
138;naval_base;5557;11;128;0;5637
138;naval_base;5606;11;168;0;5585
138;naval_base;5547;11;159;0;5637
138;naval_base;5573;11;118;0;5386
138;naval_base;5551;11;177;0;5637
138;naval_base;5534;11;214;0;5511
138;naval_base;5543;11;208;0;5511
138;naval_base;5585;11;152;0;5585
138;naval_base;5585;11;176;0;5611
138;naval_base;5567;11;193;0;5611
138;naval_base;5536;11;150;0;5637
138;naval_base;5554;11;138;0;5637
138;naval_base;5569;11;183;0;5611
139;naval_base;5513;11;67;0;2119
139;naval_base;5490;11;42;0;2119
139;naval_base;5482;11;28;0;2236
139;naval_base;5537;11;99;0;5386
139;naval_base;5497;11;57;0;2119
139;naval_base;5522;11;80;0;2119
139;naval_base;5497;11;96;0;3011
139;naval_base;5489;11;83;0;3011
139;naval_base;5471;11;17;0;2236
139;naval_base;5507;11;110;0;3011
139;naval_base;5540;11;109;0;5386
139;naval_base;5469;11;69;0;5483
139;naval_base;5454;11;61;0;5483
139;naval_base;5430;11;40;0;2924
139;naval_base;5433;11;22;0;2236
143;naval_base;2202;11;45;0;631
143;naval_base;2565;11;572;0;8756
143;naval_base;2726;11;393;0;5853
145;naval_base;2594;11;806;0;8803
145;naval_base;2600;11;784;0;8780
147;naval_base;2701;11;725;0;8733
148;naval_base;4662;11;732;0;8774
148;naval_base;4652;11;739;0;8774
148;naval_base;4650;11;725;0;8797
148;naval_base;4654;11;715;0;8797
151;naval_base;2846;11;751;0;4026
152;naval_base;2833;11;749;0;4026
152;naval_base;2821;11;743;0;4026
153;naval_base;2851;11;752;0;4026
154;naval_base;3032;11;268;0;2519
154;naval_base;3039;11;227;0;2420
154;naval_base;3048;11;198;0;2420
155;naval_base;5396;11;296;0;5741
155;naval_base;5415;11;310;0;5741
155;naval_base;5406;11;290;0;5741
155;naval_base;5604;11;361;0;8289
155;naval_base;5372;11;315;0;5741
155;naval_base;5573;11;362;0;8289
155;naval_base;5376;11;311;0;5741
155;naval_base;436;11;379;0;8660
155;naval_base;5396;11;303;0;5741
155;naval_base;466;11;362;0;5526
155;naval_base;5611;11;382;0;8289
156;naval_base;3033;11;285;0;2519
156;naval_base;3005;11;335;0;2542
157;naval_base;3647;11;1042;0;2666
157;naval_base;3659;11;1050;0;2666
157;naval_base;3611;11;1057;0;2666
157;naval_base;3639;11;1041;0;2666
157;naval_base;3677;11;1068;0;2919
161;naval_base;102;11;429;0;9081
161;naval_base;5550;11;560;0;8497
161;naval_base;5593;11;527;0;2852
161;naval_base;5597;11;513;0;8419
161;naval_base;5615;11;496;0;8419
161;naval_base;135;11;422;0;9081
163;naval_base;5329;11;480;0;5790
163;naval_base;5316;11;506;0;5868
163;naval_base;5063;11;528;0;5364
163;naval_base;5421;11;385;0;5609
163;naval_base;5074;11;525;0;5364
163;naval_base;5287;11;498;0;5868
163;naval_base;5043;11;510;0;5364
163;naval_base;5027;11;504;0;5563
163;naval_base;5300;11;484;0;6819
163;naval_base;5448;11;344;0;5766
163;naval_base;5294;11;522;0;5868
163;naval_base;5094;11;508;0;5364
163;naval_base;5272;11;497;0;24
163;naval_base;5099;11;503;0;5364
163;naval_base;5121;11;488;0;5587
163;naval_base;5131;11;505;0;430
163;naval_base;5110;11;491;0;5587
163;naval_base;5393;11;478;0;5790
163;naval_base;5314;11;490;0;5868
163;naval_base;5045;11;519;0;5364
163;naval_base;5146;11;496;0;430
163;naval_base;5155;11;498;0;430
163;naval_base;5152;11;487;0;430
163;naval_base;5304;11;497;0;5868
163;naval_base;5266;11;519;0;5868
163;naval_base;5435;11;380;0;5609
163;naval_base;5050;11;527;0;5364
163;naval_base;5088;11;519;0;5364
163;naval_base;5257;11;535;0;5868
163;naval_base;5027;11;518;0;5364
163;naval_base;5135;11;487;0;5587
164;naval_base;5415;11;642;0;5894
165;naval_base;1385;11;1177;0;2697
165;naval_base;1428;11;1169;0;5814
165;naval_base;1394;11;1202;0;2697
165;naval_base;1353;11;1116;0;2889
165;naval_base;1358;11;1168;0;2697
166;naval_base;2944;11;1267;0;8941
166;naval_base;2964;11;1210;0;5631
166;naval_base;2974;11;1245;0;9013
166;naval_base;2953;11;1272;0;5605
166;naval_base;2963;11;1219;0;5631
166;naval_base;2971;11;1265;0;5605
166;naval_base;2981;11;1227;0;5631
166;naval_base;2978;11;1206;0;5631
166;naval_base;2964;11;1270;0;5605
167;naval_base;1048;11;314;0;8816
169;naval_base;3068;11;174;0;2420
169;naval_base;3088;11;131;0;2444
169;naval_base;3153;11;86;0;2359
169;naval_base;3129;11;79;0;1695
171;naval_base;1928;11;1679;0;2361
172;naval_base;2819;11;1515;0;12389
172;naval_base;2839;11;1538;0;8621
172;naval_base;2831;11;1527;0;11748
172;naval_base;2830;11;1521;0;12389
172;naval_base;2837;11;1537;0;8621
175;naval_base;2790;11;1504;0;2847
175;naval_base;2780;11;1510;0;2847
175;naval_base;2804;11;1503;0;2847
175;naval_base;2808;11;1509;0;2847
175;naval_base;2782;11;1494;0;2871
175;naval_base;2799;11;1503;0;2847
176;naval_base;2738;11;1476;0;4885
176;naval_base;2738;11;1490;0;2381
176;naval_base;2756;11;1470;0;8546
176;naval_base;2746;11;1491;0;2381
176;naval_base;2763;11;1468;0;8546
176;naval_base;2767;11;1489;0;2871
176;naval_base;2767;11;1463;0;8546
176;naval_base;2778;11;1489;0;2871
176;naval_base;2777;11;1461;0;8546
179;naval_base;2778;11;1448;0;5108
181;naval_base;2790;11;1438;0;5108
181;naval_base;2793;11;1428;0;5108
186;naval_base;2782;11;1389;0;8592
186;naval_base;2791;11;1426;0;5108
186;naval_base;2786;11;1406;0;8592
186;naval_base;2784;11;1396;0;8592
186;naval_base;2794;11;1419;0;5108
186;naval_base;2797;11;1420;0;5108
187;naval_base;2853;11;1380;0;5505
187;naval_base;2862;11;1386;0;5505
187;naval_base;2853;11;1373;0;5505
187;naval_base;2866;11;1389;0;5505
188;naval_base;2900;11;1382;0;8918
188;naval_base;2944;11;1356;0;5579
188;naval_base;2914;11;1389;0;5555
188;naval_base;2952;11;1375;0;5555
188;naval_base;2943;11;1371;0;5555
188;naval_base;2890;11;1386;0;5505
188;naval_base;2879;11;1388;0;5505
188;naval_base;2876;11;1389;0;5505
189;naval_base;4053;11;841;0;7253
190;naval_base;2811;11;1253;0;5431
190;naval_base;2855;11;1263;0;5479
190;naval_base;2936;11;1266;0;8941
190;naval_base;2892;11;1262;0;5531
190;naval_base;2788;11;1242;0;5431
190;naval_base;2923;11;1268;0;8941
190;naval_base;2797;11;1245;0;5431
190;naval_base;2875;11;1266;0;5479
190;naval_base;2840;11;1260;0;8819
190;naval_base;2902;11;1266;0;5531
190;naval_base;2805;11;1246;0;5431
190;naval_base;2870;11;1265;0;5479
190;naval_base;2913;11;1266;0;5531
191;naval_base;2548;11;903;0;412
192;naval_base;2753;11;732;0;1661
193;naval_base;3674;11;310;0;2884
193;naval_base;3501;11;454;0;2605
194;naval_base;1857;11;1104;0;5533
195;naval_base;1846;11;1131;0;2887
196;naval_base;1985;11;950;0;2670
197;naval_base;3487;11;261;0;5247
197;naval_base;3499;11;387;0;2456
197;naval_base;3490;11;308;0;5247
197;naval_base;3543;11;254;0;3624
197;naval_base;3568;11;333;0;3028
197;naval_base;3482;11;280;0;5247
198;naval_base;4303;11;414;0;8924
198;naval_base;4462;11;482;0;2638
199;naval_base;2846;11;1354;0;5505
199;naval_base;2825;11;1345;0;8845
199;naval_base;2854;11;1358;0;5505
199;naval_base;2819;11;1337;0;8845
199;naval_base;2829;11;1304;0;5454
199;naval_base;2836;11;1348;0;8845
199;naval_base;2844;11;1315;0;8845
199;naval_base;2857;11;1367;0;5505
199;naval_base;2868;11;1323;0;8871
200;naval_base;3576;11;372;0;3028
200;naval_base;3563;11;434;0;5518
200;naval_base;3534;11;402;0;8665
200;naval_base;3497;11;341;0;8691
201;naval_base;2556;11;866;0;8889
201;naval_base;2550;11;853;0;8889
201;naval_base;2580;11;823;0;8803
202;naval_base;5166;11;570;0;7235
202;naval_base;5136;11;554;0;430
202;naval_base;5121;11;560;0;430
202;naval_base;5219;11;553;0;229
202;naval_base;5179;11;602;0;7010
202;naval_base;5062;11;586;0;7461
202;naval_base;5241;11;538;0;229
202;naval_base;5148;11;564;0;7235
202;naval_base;5146;11;551;0;430
202;naval_base;5153;11;607;0;7010
202;naval_base;5225;11;544;0;229
202;naval_base;5071;11;580;0;7461
202;naval_base;5102;11;534;0;430
202;naval_base;5196;11;580;0;7010
202;naval_base;5177;11;581;0;7010
202;naval_base;5120;11;513;0;430
202;naval_base;5166;11;556;0;5842
202;naval_base;5104;11;618;0;807
202;naval_base;5158;11;553;0;430
202;naval_base;5103;11;555;0;430
202;naval_base;5182;11;593;0;7010
202;naval_base;5084;11;575;0;430
202;naval_base;5179;11;571;0;7010
202;naval_base;5173;11;562;0;5842
202;naval_base;5215;11;566;0;229
202;naval_base;5112;11;550;0;430
202;naval_base;5014;11;606;0;2558
202;naval_base;5111;11;525;0;430
202;naval_base;5084;11;563;0;430
202;naval_base;5089;11;561;0;430
202;naval_base;5147;11;550;0;430
202;naval_base;5101;11;543;0;430
202;naval_base;5050;11;592;0;7461
202;naval_base;5029;11;599;0;2558
203;naval_base;3604;11;823;0;2730
203;naval_base;3555;11;724;0;2704
203;naval_base;3488;11;664;0;5298
203;naval_base;3490;11;822;0;2776
203;naval_base;3573;11;756;0;2704
203;naval_base;3517;11;821;0;2753
203;naval_base;3600;11;815;0;2730
203;naval_base;3553;11;828;0;2753
203;naval_base;3516;11;684;0;5246
203;naval_base;3525;11;822;0;2753
203;naval_base;3567;11;740;0;2704
203;naval_base;3462;11;635;0;5347
203;naval_base;3529;11;694;0;5246
205;naval_base;2759;11;1387;0;8592
205;naval_base;2777;11;1386;0;8592
205;naval_base;2770;11;1385;0;8592
207;naval_base;3000;11;1606;0;2358
207;naval_base;3023;11;1595;0;2358
207;naval_base;3020;11;1601;0;2358
207;naval_base;3029;11;1592;0;2358
207;naval_base;3031;11;1598;0;2358
207;naval_base;3048;11;1604;0;2333
207;naval_base;3058;11;1606;0;2333
207;naval_base;3016;11;1609;0;2358
207;naval_base;2985;11;1600;0;2408
207;naval_base;3078;11;1617;0;2309
207;naval_base;3072;11;1615;0;2309
215;naval_base;3106;11;1610;0;2309
215;naval_base;3110;11;1607;0;2309
215;naval_base;3119;11;1612;0;2256
216;naval_base;3096;11;1617;0;2309
217;naval_base;3137;11;1623;0;2256
217;naval_base;3137;11;1633;0;2256
217;naval_base;3121;11;1614;0;2256
217;naval_base;3118;11;1621;0;2256
219;naval_base;2936;11;1592;0;2729
219;naval_base;2939;11;1595;0;2729
219;naval_base;2939;11;1590;0;2729
219;naval_base;2948;11;1599;0;2729
219;naval_base;2956;11;1590;0;2729
219;naval_base;2952;11;1590;0;2729
219;naval_base;2957;11;1592;0;2729
221;naval_base;2916;11;1590;0;2752
222;naval_base;2956;11;1616;0;2408
222;naval_base;2942;11;1607;0;2729
222;naval_base;2966;11;1610;0;2408
222;naval_base;2977;11;1608;0;2408
222;naval_base;2935;11;1618;0;2729
223;naval_base;2577;11;1067;0;210
223;naval_base;2573;11;1050;0;210
224;naval_base;2554;11;928;0;412
224;naval_base;2551;11;965;0;412
232;naval_base;3156;11;1294;0;5913
232;naval_base;3160;11;1292;0;5913
232;naval_base;3137;11;1293;0;5913
232;naval_base;3164;11;1305;0;7452
232;naval_base;3164;11;1287;0;5913
232;naval_base;3180;11;1285;0;6801
232;naval_base;3184;11;1289;0;6801
232;naval_base;3135;11;1302;0;5913
233;naval_base;3129;11;1290;0;5913
233;naval_base;3147;11;1265;0;225
233;naval_base;3167;11;1258;0;225
233;naval_base;3135;11;1284;0;5913
233;naval_base;3165;11;1277;0;6801
233;naval_base;3143;11;1289;0;5913
233;naval_base;3113;11;1313;0;5864
233;naval_base;3157;11;1262;0;225
234;naval_base;3205;11;1272;0;6801
235;naval_base;3157;11;1327;0;7452
237;naval_base;4677;11;1083;0;8371
237;naval_base;4674;11;1067;0;5322
237;naval_base;4661;11;1061;0;5322
237;naval_base;4658;11;1051;0;5322
237;naval_base;4648;11;1044;0;5345
237;naval_base;4675;11;1088;0;8371
237;naval_base;4634;11;1033;0;3204
237;naval_base;4662;11;1056;0;5322
238;naval_base;4519;11;945;0;5127
238;naval_base;4504;11;1000;0;5244
238;naval_base;4512;11;970;0;5244
238;naval_base;4576;11;1019;0;5269
238;naval_base;4527;11;972;0;5244
238;naval_base;4520;11;997;0;5244
238;naval_base;4530;11;980;0;5244
238;naval_base;4542;11;997;0;5269
238;naval_base;4518;11;989;0;5244
238;naval_base;4559;11;1001;0;5269
238;naval_base;4564;11;1003;0;5269
238;naval_base;4502;11;957;0;5127
238;naval_base;4530;11;991;0;5244
238;naval_base;4520;11;946;0;5127
239;naval_base;4600;11;1018;0;3204
239;naval_base;4614;11;1019;0;3204
239;naval_base;4593;11;1017;0;5269
239;naval_base;4633;11;1030;0;3204
239;naval_base;4624;11;1023;0;3204
240;naval_base;4496;11;999;0;5244
245;naval_base;1666;11;1186;0;5658
245;naval_base;1659;11;1163;0;2865
245;naval_base;1702;11;1188;0;5581
245;naval_base;1682;11;1163;0;5607
245;naval_base;1695;11;1159;0;5607
245;naval_base;1738;11;1167;0;5557
245;naval_base;1720;11;1179;0;5581
247;naval_base;2918;11;1393;0;5555
248;naval_base;2937;11;1403;0;5555
248;naval_base;2950;11;1406;0;5555
248;naval_base;2927;11;1396;0;5555
249;naval_base;2952;11;1309;0;5605
249;naval_base;2953;11;1345;0;5579
249;naval_base;2937;11;1339;0;5579
249;naval_base;2957;11;1338;0;5656
249;naval_base;2955;11;1327;0;5656
249;naval_base;2946;11;1306;0;5605
249;naval_base;2938;11;1326;0;8895
249;naval_base;2938;11;1315;0;8941
250;naval_base;2967;11;1391;0;5555
250;naval_base;2963;11;1400;0;5555
251;naval_base;2997;11;1407;0;5786
251;naval_base;2997;11;1414;0;5786
251;naval_base;3002;11;1400;0;5786
252;naval_base;3019;11;1387;0;5812
252;naval_base;3010;11;1395;0;5786
252;naval_base;2988;11;1366;0;5579
252;naval_base;3002;11;1353;0;5656
252;naval_base;2990;11;1363;0;5579
253;naval_base;3056;11;1350;0;5838
253;naval_base;3038;11;1361;0;5812
253;naval_base;3032;11;1366;0;5812
253;naval_base;3061;11;1348;0;5838
253;naval_base;3045;11;1359;0;5838
253;naval_base;3093;11;1328;0;5838
253;naval_base;3056;11;1359;0;5838
253;naval_base;3070;11;1344;0;5838
253;naval_base;3023;11;1376;0;5812
253;naval_base;3080;11;1338;0;5838
253;naval_base;3087;11;1334;0;5838
254;naval_base;3030;11;1339;0;1452
254;naval_base;3043;11;1326;0;1452
254;naval_base;3021;11;1347;0;1452
254;naval_base;3037;11;1336;0;1452
254;naval_base;3055;11;1314;0;1452
254;naval_base;3051;11;1323;0;1452
254;naval_base;3024;11;1343;0;1452
254;naval_base;3066;11;1327;0;5864
254;naval_base;3058;11;1289;0;5681
254;naval_base;3052;11;1318;0;1452
254;naval_base;3016;11;1348;0;1452
254;naval_base;3053;11;1298;0;5681
254;naval_base;3071;11;1304;0;5707
255;naval_base;2980;11;1369;0;5579
255;naval_base;2971;11;1383;0;5555
257;naval_base;4873;11;1217;0;8791
257;naval_base;4891;11;1240;0;2684
257;naval_base;4871;11;1231;0;2684
257;naval_base;4893;11;1216;0;8791
257;naval_base;4888;11;1212;0;8791
257;naval_base;4872;11;1202;0;8791
257;naval_base;4863;11;1224;0;7932
257;naval_base;4881;11;1239;0;2684
257;naval_base;4890;11;1203;0;8791
257;naval_base;4891;11;1222;0;8791
257;naval_base;4906;11;1214;0;8791
257;naval_base;4864;11;1212;0;7932
257;naval_base;4900;11;1240;0;2684
257;naval_base;4881;11;1219;0;8791
257;naval_base;4849;11;1214;0;7932
257;naval_base;4881;11;1193;0;8791
257;naval_base;4897;11;1202;0;8791
258;naval_base;5198;11;1498;0;220
258;naval_base;5057;11;1380;0;5922
258;naval_base;5182;11;1481;0;220
258;naval_base;5044;11;1404;0;4465
258;naval_base;4988;11;1367;0;2583
258;naval_base;5016;11;1421;0;2583
258;naval_base;5057;11;1399;0;4465
258;naval_base;5000;11;1380;0;2583
258;naval_base;5008;11;1382;0;2583
258;naval_base;5020;11;1372;0;5946
258;naval_base;5014;11;1395;0;2583
258;naval_base;5043;11;1364;0;5922
258;naval_base;5080;11;1398;0;4465
259;naval_base;4939;11;1271;0;2658
259;naval_base;4974;11;1283;0;2658
259;naval_base;4966;11;1230;0;5664
259;naval_base;4930;11;1252;0;2658
259;naval_base;4972;11;1228;0;5664
259;naval_base;4963;11;1286;0;2658
259;naval_base;4948;11;1262;0;2658
259;naval_base;4944;11;1228;0;5664
259;naval_base;4954;11;1266;0;2658
259;naval_base;4982;11;1289;0;2658
259;naval_base;4962;11;1270;0;2658
259;naval_base;4946;11;1224;0;5664
260;naval_base;4987;11;1241;0;5664
260;naval_base;5000;11;1250;0;5716
260;naval_base;4994;11;1233;0;5664
260;naval_base;4992;11;1242;0;5664
260;naval_base;5000;11;1258;0;5716
260;naval_base;4985;11;1236;0;5664
261;naval_base;5033;11;1053;0;2463
262;naval_base;4932;11;1212;0;2612
262;naval_base;4923;11;1239;0;2684
262;naval_base;4927;11;1206;0;2612
262;naval_base;4920;11;1240;0;2684
262;naval_base;4938;11;1218;0;5664
262;naval_base;4938;11;1228;0;5664
262;naval_base;4915;11;1224;0;8791
262;naval_base;4915;11;1217;0;8791
262;naval_base;4906;11;1242;0;2684
262;naval_base;4903;11;1226;0;8791
263;naval_base;4857;11;1173;0;8472
263;naval_base;4843;11;1209;0;2708
263;naval_base;4818;11;1102;0;8318
263;naval_base;4826;11;1198;0;2708
263;naval_base;4840;11;1179;0;2708
263;naval_base;4858;11;1205;0;7932
263;naval_base;4842;11;1167;0;8150
263;naval_base;4842;11;1194;0;2708
263;naval_base;4843;11;1146;0;8472
263;naval_base;4839;11;1204;0;2708
263;naval_base;4824;11;1115;0;8318
263;naval_base;4860;11;1183;0;8791
263;naval_base;4832;11;1190;0;2708
263;naval_base;4824;11;1219;0;2708
263;naval_base;4864;11;1194;0;8791
263;naval_base;4810;11;1083;0;8499
263;naval_base;4842;11;1188;0;2708
263;naval_base;4774;11;1050;0;2829
263;naval_base;4846;11;1172;0;8150
263;naval_base;4844;11;1184;0;2708
263;naval_base;4847;11;1165;0;8150
264;naval_base;5006;11;1280;0;5970
264;naval_base;4991;11;1311;0;7704
264;naval_base;5014;11;1300;0;5970
264;naval_base;4986;11;1299;0;7704
264;naval_base;5006;11;1271;0;5970
264;naval_base;5022;11;1317;0;5946
264;naval_base;5001;11;1345;0;5946
264;naval_base;5002;11;1339;0;5946
264;naval_base;5006;11;1291;0;5970
264;naval_base;5008;11;1346;0;5946
264;naval_base;4991;11;1331;0;6824
264;naval_base;5018;11;1330;0;5946
265;naval_base;4834;11;1359;0;7028
265;naval_base;4759;11;1316;0;8445
265;naval_base;4829;11;1339;0;2609
265;naval_base;4811;11;1326;0;2609
265;naval_base;4801;11;1322;0;2609
265;naval_base;4759;11;1302;0;8445
265;naval_base;4830;11;1353;0;7028
265;naval_base;4819;11;1333;0;2609
265;naval_base;4796;11;1315;0;2609
265;naval_base;4840;11;1366;0;7028
265;naval_base;4763;11;1313;0;8445
265;naval_base;4751;11;1319;0;8445
266;naval_base;4812;11;1291;0;2609
266;naval_base;4781;11;1243;0;2781
266;naval_base;4815;11;1285;0;2609
266;naval_base;4783;11;1282;0;2781
266;naval_base;4783;11;1249;0;2781
266;naval_base;4788;11;1265;0;2781
266;naval_base;4785;11;1274;0;2781
266;naval_base;4825;11;1267;0;7932
266;naval_base;4809;11;1298;0;2609
266;naval_base;4785;11;1264;0;2781
266;naval_base;4820;11;1278;0;2609
267;naval_base;4798;11;1307;0;2609
267;naval_base;4775;11;1284;0;2781
267;naval_base;4762;11;1284;0;2781
267;naval_base;4764;11;1297;0;8445
267;naval_base;4767;11;1298;0;8445
267;naval_base;4781;11;1283;0;2781
268;naval_base;4810;11;1228;0;2708
268;naval_base;4786;11;1201;0;2708
268;naval_base;4826;11;1242;0;7932
268;naval_base;4824;11;1255;0;7932
268;naval_base;4778;11;1235;0;2781
268;naval_base;4775;11;1221;0;2708
268;naval_base;4816;11;1233;0;7932
268;naval_base;4798;11;1225;0;2708
269;naval_base;4685;11;1180;0;8396
269;naval_base;4700;11;1185;0;8396
269;naval_base;4704;11;1167;0;8396
269;naval_base;4690;11;1177;0;8396
269;naval_base;4699;11;1175;0;8396
269;naval_base;4696;11;1173;0;8396
269;naval_base;4706;11;1159;0;8396
271;naval_base;5407;11;832;0;2438
271;naval_base;5172;11;768;0;7918
271;naval_base;4941;11;781;0;2735
271;naval_base;4955;11;799;0;2735
271;naval_base;4976;11;803;0;2735
271;naval_base;5052;11;765;0;2711
271;naval_base;5073;11;756;0;1681
271;naval_base;5137;11;763;0;2121
271;naval_base;5138;11;786;0;7918
271;naval_base;5200;11;738;0;2263
271;naval_base;5336;11;721;0;6810
271;naval_base;5269;11;762;0;2339
271;naval_base;5451;11;747;0;8750
271;naval_base;5494;11;748;0;8699
271;naval_base;5423;11;797;0;7287
271;naval_base;5477;11;765;0;2414
271;naval_base;5480;11;789;0;2414
271;naval_base;5452;11;804;0;7287
271;naval_base;5392;11;836;0;7062
271;naval_base;5334;11;836;0;2535
273;naval_base;1391;11;838;0;5452
273;naval_base;1555;11;816;0;2335
273;naval_base;1573;11;887;0;2311
273;naval_base;1555;11;830;0;2335
274;naval_base;3029;11;1269;0;9013
274;naval_base;3033;11;1287;0;5681
274;naval_base;3024;11;1286;0;1452
274;naval_base;3042;11;1271;0;5681
274;naval_base;3045;11;1285;0;5681
274;naval_base;3001;11;1285;0;8965
274;naval_base;3017;11;1273;0;9013
274;naval_base;3015;11;1287;0;1452
275;naval_base;1548;11;811;0;2335
275;naval_base;1564;11;750;0;4036
276;naval_base;1616;11;656;0;4708
277;naval_base;1663;11;606;0;4931
277;naval_base;1646;11;615;0;4931
277;naval_base;1693;11;584;0;5252
278;naval_base;1709;11;564;0;5252
279;naval_base;4690;11;1105;0;8371
279;naval_base;4692;11;1145;0;8396
279;naval_base;4702;11;1115;0;8371
279;naval_base;4697;11;1110;0;8371
279;naval_base;4687;11;1151;0;8396
279;naval_base;4681;11;1096;0;8371
279;naval_base;4701;11;1147;0;8396
279;naval_base;4682;11;1149;0;8396
279;naval_base;4707;11;1139;0;2804
279;naval_base;4702;11;1127;0;2804
279;naval_base;4683;11;1147;0;8396
282;naval_base;1579;11;726;0;4485
282;naval_base;1586;11;708;0;4485
282;naval_base;1602;11;679;0;4708
284;naval_base;3186;11;1235;0;5961
284;naval_base;3210;11;1232;0;428
284;naval_base;3201;11;1231;0;428
284;naval_base;3174;11;1239;0;225
285;naval_base;3322;11;1127;0;5388
285;naval_base;3314;11;1161;0;803
285;naval_base;3311;11;1138;0;5388
285;naval_base;3335;11;1163;0;6219
285;naval_base;3290;11;1168;0;6011
285;naval_base;3316;11;1139;0;5388
285;naval_base;3303;11;1164;0;803
285;naval_base;3343;11;1111;0;5388
285;naval_base;3301;11;1168;0;803
285;naval_base;3328;11;1162;0;803
285;naval_base;3306;11;1162;0;803
285;naval_base;3347;11;1126;0;5388
286;naval_base;5041;11;1586;0;2485
286;naval_base;5026;11;1476;0;2534
286;naval_base;5042;11;1554;0;2485
286;naval_base;5044;11;1543;0;2485
286;naval_base;5025;11;1507;0;2510
286;naval_base;5020;11;1450;0;2534
287;naval_base;4694;11;1283;0;8445
287;naval_base;4672;11;1271;0;2734
287;naval_base;4701;11;1279;0;8445
287;naval_base;4660;11;1280;0;2734
287;naval_base;4676;11;1246;0;2757
287;naval_base;4695;11;1263;0;2757
287;naval_base;4718;11;1276;0;8445
287;naval_base;4676;11;1273;0;2734
287;naval_base;4668;11;1236;0;2757
287;naval_base;4684;11;1254;0;2757
287;naval_base;4699;11;1265;0;2757
287;naval_base;4665;11;1272;0;2734
287;naval_base;4652;11;1287;0;2734
288;naval_base;4669;11;1228;0;2757
288;naval_base;4679;11;1222;0;2757
288;naval_base;4691;11;1196;0;8396
288;naval_base;4685;11;1212;0;2757
289;naval_base;4643;11;1294;0;2734
315;naval_base;3015;11;1433;0;5786
315;naval_base;2997;11;1420;0;5786
315;naval_base;2999;11;1426;0;5786
317;naval_base;3016;11;1429;0;5786
317;naval_base;3032;11;1420;0;5786
317;naval_base;3029;11;1416;0;5786
319;naval_base;3038;11;1414;0;5786
319;naval_base;3045;11;1407;0;5786
320;naval_base;3073;11;1380;0;5838
320;naval_base;3064;11;1389;0;5838
320;naval_base;3045;11;1393;0;5812
320;naval_base;3088;11;1373;0;5838
320;naval_base;3097;11;1368;0;5838
320;naval_base;3074;11;1383;0;5838
324;naval_base;2637;11;753;0;1212
324;naval_base;2687;11;719;0;8733
327;naval_base;4712;11;1328;0;2734
327;naval_base;4700;11;1305;0;2734
327;naval_base;4700;11;1316;0;2734
327;naval_base;4713;11;1311;0;8445
327;naval_base;4723;11;1316;0;8445
327;naval_base;4743;11;1321;0;8445
327;naval_base;4694;11;1340;0;2734
327;naval_base;4735;11;1320;0;8445
327;naval_base;4713;11;1336;0;2734
329;naval_base;1013;11;1386;0;2851
329;naval_base;1025;11;1328;0;5578
329;naval_base;1042;11;1372;0;2851
329;naval_base;1063;11;1336;0;2851
329;naval_base;1091;11;1309;0;5630
329;naval_base;1039;11;1347;0;2851
329;naval_base;1052;11;1297;0;5604
329;naval_base;1051;11;1347;0;2851
329;naval_base;982;11;1398;0;5554
329;naval_base;1069;11;1263;0;2553
329;naval_base;1025;11;1389;0;2851
329;naval_base;1016;11;1367;0;2851
331;naval_base;1285;11;1281;0;2646
331;naval_base;1277;11;1236;0;2672
331;naval_base;1280;11;1257;0;2672
332;naval_base;1104;11;1285;0;5630
332;naval_base;1126;11;1268;0;2828
332;naval_base;1140;11;1252;0;2828
334;naval_base;1174;11;1178;0;5706
334;naval_base;1162;11;1209;0;5680
334;naval_base;1157;11;1227;0;5680
335;naval_base;1351;11;1166;0;2697
335;naval_base;1284;11;1216;0;2672
335;naval_base;1292;11;1199;0;2672
335;naval_base;1323;11;1168;0;5915
335;naval_base;1306;11;1177;0;5915
336;naval_base;1219;11;1154;0;2803
336;naval_base;1201;11;1161;0;2803
336;naval_base;1312;11;1125;0;2780
336;naval_base;1252;11;1138;0;5785
336;naval_base;1307;11;1123;0;2780
341;naval_base;3611;11;1043;0;2666
341;naval_base;3594;11;1062;0;2691
343;naval_base;2878;11;1568;0;2775
343;naval_base;2873;11;1560;0;2775
343;naval_base;2886;11;1580;0;2752
343;naval_base;2863;11;1549;0;8621
344;naval_base;2895;11;1586;0;2752
344;naval_base;2904;11;1587;0;2752
344;naval_base;2913;11;1588;0;2752
345;naval_base;4458;11;590;0;4225
345;naval_base;4406;11;667;0;5960
345;naval_base;4426;11;631;0;5615
345;naval_base;4457;11;559;0;2714
345;naval_base;4439;11;646;0;5539
345;naval_base;4461;11;600;0;4225
345;naval_base;4355;11;624;0;812
345;naval_base;4490;11;601;0;4225
345;naval_base;4435;11;560;0;2689
345;naval_base;4452;11;561;0;2714
345;naval_base;4442;11;618;0;5615
345;naval_base;4417;11;576;0;2689
345;naval_base;4377;11;625;0;812
345;naval_base;4463;11;614;0;4225
345;naval_base;4464;11;604;0;4225
345;naval_base;4395;11;597;0;1236
345;naval_base;4382;11;676;0;5960
345;naval_base;4385;11;608;0;1236
345;naval_base;4419;11;639;0;5615
345;naval_base;4365;11;639;0;812
345;naval_base;4373;11;631;0;812
345;naval_base;4429;11;661;0;5539
345;naval_base;4327;11;668;0;436
345;naval_base;4402;11;591;0;1236
345;naval_base;4458;11;578;0;4225
345;naval_base;4413;11;655;0;5539
345;naval_base;4425;11;649;0;5539
345;naval_base;4427;11;570;0;2689
345;naval_base;4438;11;609;0;5615
345;naval_base;4374;11;681;0;5960
346;naval_base;4556;11;518;0;2416
346;naval_base;4499;11;547;0;2737
346;naval_base;4453;11;542;0;2714
346;naval_base;4533;11;544;0;2760
346;naval_base;4481;11;531;0;2514
346;naval_base;4583;11;538;0;2785
346;naval_base;4549;11;542;0;5666
346;naval_base;4510;11;528;0;2490
346;naval_base;4565;11;534;0;2785
346;naval_base;4490;11;527;0;2514
346;naval_base;4508;11;540;0;2737
346;naval_base;4471;11;553;0;2737
346;naval_base;4517;11;526;0;2490
346;naval_base;4592;11;522;0;2239
346;naval_base;4533;11;520;0;2490
346;naval_base;4459;11;552;0;2714
346;naval_base;4474;11;532;0;2514
346;naval_base;4566;11;529;0;2785
346;naval_base;4486;11;550;0;2737
346;naval_base;4523;11;539;0;2760
346;naval_base;4576;11;517;0;2416
347;naval_base;4647;11;659;0;2833
347;naval_base;4512;11;632;0;5641
347;naval_base;4635;11;697;0;8797
347;naval_base;4621;11;604;0;4451
347;naval_base;4507;11;659;0;2904
347;naval_base;4538;11;603;0;2760
347;naval_base;4552;11;602;0;2760
347;naval_base;4646;11;674;0;8797
347;naval_base;4601;11;587;0;2809
347;naval_base;4632;11;703;0;8797
347;naval_base;4587;11;597;0;5666
347;naval_base;4607;11;589;0;2809
347;naval_base;4651;11;659;0;2833
347;naval_base;4633;11;631;0;2833
347;naval_base;4524;11;623;0;5641
347;naval_base;4560;11;597;0;5666
347;naval_base;4645;11;686;0;8797
347;naval_base;4591;11;595;0;2809
347;naval_base;4508;11;669;0;2904
347;naval_base;4639;11;645;0;2833
347;naval_base;4623;11;624;0;2833
347;naval_base;4641;11;709;0;8797
347;naval_base;4622;11;617;0;2833
347;naval_base;4573;11;600;0;5666
348;naval_base;4677;11;639;0;2833
348;naval_base;4712;11;659;0;5343
348;naval_base;4764;11;695;0;5294
348;naval_base;4808;11;684;0;5267
348;naval_base;4797;11;640;0;4899
348;naval_base;4707;11;623;0;5343
348;naval_base;4713;11;636;0;5343
348;naval_base;4691;11;628;0;5343
348;naval_base;4826;11;596;0;5320
348;naval_base;4673;11;587;0;4451
348;naval_base;4697;11;658;0;5343
348;naval_base;4691;11;659;0;5343
348;naval_base;4667;11;617;0;2833
348;naval_base;4686;11;555;0;2124
348;naval_base;4721;11;633;0;5343
348;naval_base;4705;11;615;0;5343
348;naval_base;4716;11;599;0;5343
348;naval_base;4854;11;523;0;5238
348;naval_base;4733;11;656;0;5343
348;naval_base;4693;11;608;0;5515
348;naval_base;4754;11;620;0;4899
348;naval_base;4803;11;646;0;4899
348;naval_base;4787;11;600;0;4899
348;naval_base;4660;11;605;0;2833
348;naval_base;4810;11;657;0;4899
348;naval_base;4757;11;669;0;5343
348;naval_base;4720;11;659;0;5343
348;naval_base;4741;11;657;0;5343
348;naval_base;4734;11;565;0;5366
348;naval_base;4676;11;560;0;2124
348;naval_base;4795;11;625;0;4899
348;naval_base;4833;11;597;0;5320
348;naval_base;4694;11;593;0;5515
348;naval_base;4672;11;593;0;4451
348;naval_base;4683;11;604;0;5515
348;naval_base;4671;11;633;0;2833
348;naval_base;4711;11;577;0;5515
349;naval_base;4671;11;514;0;2124
349;naval_base;4755;11;495;0;28
349;naval_base;4736;11;485;0;435
349;naval_base;4597;11;519;0;2239
349;naval_base;4704;11;514;0;2124
349;naval_base;4750;11;490;0;28
349;naval_base;4626;11;514;0;2239
349;naval_base;4707;11;514;0;2124
349;naval_base;4687;11;518;0;2124
349;naval_base;4643;11;513;0;2239
349;naval_base;4766;11;519;0;5414
349;naval_base;4742;11;517;0;5414
349;naval_base;4660;11;516;0;2124
349;naval_base;4665;11;499;0;2291
349;naval_base;4688;11;493;0;2291
350;naval_base;4933;11;611;0;2585
350;naval_base;4976;11;520;0;5316
350;naval_base;4878;11;644;0;4907
350;naval_base;4948;11;617;0;2585
350;naval_base;4901;11;611;0;4684
350;naval_base;4955;11;567;0;8945
350;naval_base;4922;11;579;0;8945
350;naval_base;4887;11;615;0;5320
350;naval_base;4867;11;617;0;5320
350;naval_base;4992;11;613;0;2558
350;naval_base;4925;11;624;0;2585
350;naval_base;4914;11;596;0;4684
350;naval_base;4969;11;540;0;8945
350;naval_base;4974;11;619;0;2558
350;naval_base;4999;11;512;0;5563
350;naval_base;4892;11;638;0;4684
350;naval_base;5001;11;610;0;2558
350;naval_base;4876;11;598;0;5238
350;naval_base;4960;11;517;0;5316
351;naval_base;1717;11;1067;0;2571
352;naval_base;1819;11;1160;0;2887
353;naval_base;1952;11;964;0;1665
353;naval_base;1915;11;963;0;1665
354;naval_base;4355;11;649;0;812
354;naval_base;4345;11;708;0;5960
354;naval_base;4349;11;666;0;436
354;naval_base;4356;11;700;0;5960
354;naval_base;4301;11;717;0;1687
354;naval_base;4365;11;688;0;5960
354;naval_base;4331;11;683;0;436
354;naval_base;4325;11;728;0;5984
354;naval_base;4343;11;672;0;436
354;naval_base;4319;11;703;0;436
355;naval_base;2996;11;564;0;2231
356;naval_base;2999;11;555;0;2231
360;naval_base;2869;11;1554;0;8621
361;naval_base;3719;11;981;0;2716
361;naval_base;3668;11;929;0;2762
361;naval_base;3687;11;1052;0;2919
361;naval_base;3689;11;949;0;2762
361;naval_base;3739;11;1011;0;2640
361;naval_base;3729;11;1022;0;2640
363;naval_base;4165;11;997;0;6443
372;naval_base;3574;11;1146;0;2896
372;naval_base;3609;11;1107;0;2691
372;naval_base;3625;11;1101;0;2691
373;naval_base;3590;11;1141;0;2896
374;naval_base;3700;11;1073;0;2919
374;naval_base;3767;11;1060;0;2640
374;naval_base;3651;11;1086;0;2666
374;naval_base;3681;11;1093;0;2919
376;naval_base;3848;11;1060;0;2590
376;naval_base;3819;11;1063;0;2967
376;naval_base;3779;11;1060;0;2640
381;naval_base;2669;11;1350;0;5284
381;naval_base;2669;11;1354;0;5284
382;naval_base;2667;11;1324;0;5311
382;naval_base;2666;11;1296;0;5336
382;naval_base;2669;11;1290;0;5336
382;naval_base;2664;11;1315;0;5311
382;naval_base;2670;11;1338;0;8749
382;naval_base;2660;11;1307;0;5311
383;naval_base;2670;11;1270;0;8772
383;naval_base;2669;11;1282;0;5336
383;naval_base;2683;11;1269;0;5382
384;naval_base;3959;11;895;0;427
385;naval_base;4780;11;508;0;5438
385;naval_base;4780;11;515;0;5438
385;naval_base;4765;11;513;0;5414
385;naval_base;4742;11;501;0;5414
385;naval_base;4759;11;511;0;5414
386;naval_base;4578;11;1010;0;5269
387;naval_base;2366;11;1294;0;8453
387;naval_base;2536;11;1191;0;1701
387;naval_base;2442;11;908;0;9072
388;naval_base;2568;11;837;0;991
388;naval_base;2559;11;841;0;991
389;naval_base;3017;11;486;0;2956
389;naval_base;3001;11;545;0;2231
389;naval_base;3015;11;512;0;2982
389;naval_base;2908;11;654;0;1886
390;naval_base;3001;11;434;0;2257
390;naval_base;2994;11;405;0;2257
391;naval_base;3348;11;333;0;2432
391;naval_base;3357;11;293;0;2432
391;naval_base;3359;11;259;0;5348
391;naval_base;3314;11;226;0;5370
391;naval_base;3347;11;323;0;2432
392;naval_base;3382;11;363;0;5299
393;naval_base;3441;11;410;0;2456
393;naval_base;3437;11;457;0;8639
393;naval_base;3429;11;390;0;2456
394;naval_base;3419;11;513;0;5394
394;naval_base;3424;11;503;0;5394
395;naval_base;3288;11;157;0;5395
395;naval_base;3316;11;202;0;5370
396;naval_base;3416;11;545;0;5394
396;naval_base;3432;11;602;0;5347
396;naval_base;3426;11;568;0;5369
397;naval_base;3447;11;616;0;5347
399;naval_base;3194;11;1858;0;4
399;naval_base;3180;11;1840;0;4
399;naval_base;3293;11;1983;0;5765
399;naval_base;3202;11;1868;0;4
399;naval_base;3195;11;1853;0;4
399;naval_base;3184;11;1877;0;4
399;naval_base;3194;11;1874;0;4
400;naval_base;3175;11;1835;0;4
400;naval_base;3142;11;1765;0;786
400;naval_base;3215;11;1745;0;1434
400;naval_base;3262;11;1739;0;1434
400;naval_base;3232;11;1747;0;1434
400;naval_base;3146;11;1744;0;990
400;naval_base;3142;11;1776;0;786
400;naval_base;3148;11;1812;0;411
400;naval_base;3220;11;1746;0;1434
400;naval_base;3160;11;1824;0;411
400;naval_base;3212;11;1743;0;1434
400;naval_base;3140;11;1758;0;786
400;naval_base;3176;11;1735;0;1660
400;naval_base;3236;11;1747;0;1434
400;naval_base;3252;11;1745;0;1434
400;naval_base;3163;11;1739;0;990
400;naval_base;3248;11;1749;0;1434
400;naval_base;3116;11;1744;0;990
400;naval_base;3155;11;1815;0;411
400;naval_base;3204;11;1742;0;1434
400;naval_base;3139;11;1791;0;786
400;naval_base;3163;11;1734;0;990
401;naval_base;3172;11;1710;0;1660
401;naval_base;3170;11;1700;0;1885
401;naval_base;3173;11;1715;0;1660
401;naval_base;3186;11;1722;0;1660
401;naval_base;3177;11;1697;0;1885
401;naval_base;3238;11;1721;0;1434
401;naval_base;3162;11;1712;0;1660
401;naval_base;3217;11;1725;0;1434
401;naval_base;3188;11;1692;0;1885
401;naval_base;3209;11;1726;0;1434
401;naval_base;3228;11;1722;0;1434
402;naval_base;3144;11;1677;0;2107
402;naval_base;3140;11;1666;0;2107
402;naval_base;3168;11;1671;0;1885
402;naval_base;3179;11;1666;0;1885
402;naval_base;3153;11;1681;0;1885
402;naval_base;3187;11;1673;0;1885
402;naval_base;3134;11;1654;0;2256
402;naval_base;3186;11;1681;0;1885
402;naval_base;3182;11;1668;0;1885
403;naval_base;3135;11;1643;0;2256
404;naval_base;3267;11;1428;0;8131
404;naval_base;3274;11;1434;0;8131
409;naval_base;3328;11;1421;0;8131
409;naval_base;3330;11;1412;0;8131
409;naval_base;3333;11;1436;0;8131
409;naval_base;3343;11;1412;0;8308
409;naval_base;3356;11;1424;0;8282
409;naval_base;3368;11;1425;0;8282
409;naval_base;3353;11;1433;0;8282
409;naval_base;3314;11;1427;0;8131
410;naval_base;3320;11;1440;0;8131
410;naval_base;3307;11;1445;0;8131
410;naval_base;3297;11;1451;0;8131
410;naval_base;3315;11;1449;0;8131
410;naval_base;3347;11;1441;0;8282
410;naval_base;3341;11;1442;0;8282
410;naval_base;3303;11;1462;0;8131
410;naval_base;3286;11;1447;0;8131
410;naval_base;3306;11;1451;0;8131
410;naval_base;3300;11;1462;0;8131
411;naval_base;3400;11;1459;0;8282
411;naval_base;3390;11;1458;0;8282
411;naval_base;3377;11;1453;0;8282
411;naval_base;3365;11;1450;0;8282
411;naval_base;3355;11;1445;0;8282
413;naval_base;3404;11;1460;0;8282
413;naval_base;3420;11;1460;0;8282
413;naval_base;3416;11;1463;0;8282
413;naval_base;3414;11;1456;0;8282
414;naval_base;3436;11;1845;0;5687
414;naval_base;3379;11;1855;0;209
414;naval_base;3396;11;1829;0;209
414;naval_base;3430;11;1847;0;5687
414;naval_base;3434;11;1875;0;2679
414;naval_base;3456;11;1887;0;2679
414;naval_base;3400;11;1835;0;209
414;naval_base;3383;11;1829;0;209
415;naval_base;3328;11;1890;0;209
415;naval_base;3351;11;1848;0;209
415;naval_base;3428;11;1889;0;2679
415;naval_base;3330;11;1970;0;5765
415;naval_base;3323;11;1895;0;209
415;naval_base;3312;11;1910;0;209
415;naval_base;3323;11;1964;0;5765
415;naval_base;3361;11;1968;0;5765
415;naval_base;3348;11;1870;0;209
415;naval_base;3344;11;1885;0;209
415;naval_base;3307;11;1981;0;5765
415;naval_base;3312;11;1912;0;209
415;naval_base;3356;11;1840;0;209
415;naval_base;3371;11;1836;0;209
415;naval_base;3329;11;1902;0;209
415;naval_base;3320;11;1900;0;209
415;naval_base;3393;11;1886;0;209
415;naval_base;3395;11;1953;0;8379
415;naval_base;3347;11;1861;0;209
415;naval_base;3441;11;1897;0;2679
415;naval_base;3369;11;1892;0;209
415;naval_base;3446;11;1925;0;5713
415;naval_base;3318;11;1972;0;5765
415;naval_base;3428;11;1938;0;5713
416;naval_base;3615;11;1948;0;8370
416;naval_base;3743;11;1983;0;8370
416;naval_base;3552;11;1911;0;5740
416;naval_base;3746;11;1954;0;8370
416;naval_base;3499;11;1899;0;2679
416;naval_base;3733;11;1955;0;8370
416;naval_base;3571;11;1931;0;5740
416;naval_base;3646;11;2022;0;8370
416;naval_base;3734;11;1945;0;8370
416;naval_base;3559;11;1964;0;5740
419;naval_base;3246;11;1728;0;1434
419;naval_base;3276;11;1735;0;1434
419;naval_base;3275;11;1732;0;1434
419;naval_base;3267;11;1734;0;1434
419;naval_base;3255;11;1730;0;1434
428;naval_base;3412;11;1403;0;8334
428;naval_base;3401;11;1408;0;8308
428;naval_base;3397;11;1434;0;8282
428;naval_base;3392;11;1424;0;8282
428;naval_base;3408;11;1438;0;8282
428;naval_base;3399;11;1449;0;8282
428;naval_base;3396;11;1413;0;8308
428;naval_base;3395;11;1425;0;8282
430;naval_base;3859;11;1952;0;13193
435;naval_base;5006;11;1699;0;2436
435;naval_base;4939;11;1637;0;5344
435;naval_base;5030;11;1717;0;2436
436;naval_base;5354;11;1734;0;1673
436;naval_base;5325;11;1712;0;1673
436;naval_base;5311;11;1637;0;423
436;naval_base;5250;11;1563;0;16
436;naval_base;5495;11;1835;0;2261
436;naval_base;5267;11;1580;0;16
436;naval_base;5348;11;1821;0;2560
436;naval_base;5411;11;1657;0;7967
436;naval_base;5233;11;1661;0;2927
436;naval_base;5497;11;1657;0;604
439;naval_base;3457;11;1363;0;8334
439;naval_base;3420;11;1397;0;8334
439;naval_base;3428;11;1389;0;8334
439;naval_base;3454;11;1371;0;8334
439;naval_base;3447;11;1378;0;8334
439;naval_base;3437;11;1383;0;8334
446;naval_base;4865;11;1382;0;7028
446;naval_base;4921;11;1625;0;5344
446;naval_base;4962;11;1443;0;6442
446;naval_base;4968;11;1456;0;6442
446;naval_base;4999;11;1511;0;2510
446;naval_base;5001;11;1543;0;2510
446;naval_base;4961;11;1592;0;5321
446;naval_base;4953;11;1432;0;6442
446;naval_base;4932;11;1411;0;6632
446;naval_base;4894;11;1377;0;6632
446;naval_base;4999;11;1524;0;2510
446;naval_base;5008;11;1567;0;2510
446;naval_base;4921;11;1615;0;5344
446;naval_base;4995;11;1494;0;2534
446;naval_base;4903;11;1382;0;6632
446;naval_base;4953;11;1607;0;5321
446;naval_base;4991;11;1483;0;2534
446;naval_base;4943;11;1423;0;6442
446;naval_base;4977;11;1468;0;6442
446;naval_base;4921;11;1399;0;6632
446;naval_base;4852;11;1374;0;7028
446;naval_base;4914;11;1389;0;6632
446;naval_base;5009;11;1587;0;2510
452;naval_base;3879;11;1949;0;13193
452;naval_base;3850;11;1990;0;13193
454;naval_base;5207;11;1040;0;4011
456;naval_base;5557;11;1983;0;2287
456;naval_base;22;11;2036;0;5834
458;naval_base;5232;11;1758;0;2808
458;naval_base;5099;11;1720;0;5415
458;naval_base;5163;11;1704;0;2460
460;naval_base;3457;11;1356;0;8334
462;naval_base;4395;11;749;0;3809
462;naval_base;4353;11;804;0;4002
462;naval_base;4354;11;813;0;4002
462;naval_base;4372;11;774;0;4016
462;naval_base;4354;11;770;0;5984
462;naval_base;4374;11;864;0;4002
462;naval_base;4358;11;793;0;4016
462;naval_base;4370;11;766;0;4016
462;naval_base;4359;11;827;0;4002
462;naval_base;4375;11;760;0;4016
462;naval_base;4380;11;864;0;4002
462;naval_base;4367;11;752;0;5984
462;naval_base;4344;11;801;0;5745
462;naval_base;4366;11;853;0;4002
462;naval_base;4386;11;756;0;3809
462;naval_base;4356;11;794;0;4016
462;naval_base;4365;11;840;0;4002
462;naval_base;4342;11;779;0;6007
462;naval_base;4357;11;764;0;5984
464;naval_base;4395;11;851;0;4002
464;naval_base;4384;11;851;0;4002
464;naval_base;4382;11;861;0;4002
464;naval_base;4408;11;843;0;4002
466;naval_base;4373;11;737;0;5984
466;naval_base;4420;11;719;0;3616
466;naval_base;4404;11;743;0;3809
466;naval_base;4370;11;746;0;5984
466;naval_base;4416;11;731;0;3616
468;naval_base;3855;11;1049;0;2590
468;naval_base;3864;11;1036;0;2590
474;naval_base;2672;11;1386;0;5258
474;naval_base;2681;11;1393;0;5258
474;naval_base;2670;11;1365;0;5284
474;naval_base;2729;11;1388;0;5233
474;naval_base;2693;11;1390;0;8618
474;naval_base;2668;11;1371;0;5284
474;naval_base;2738;11;1387;0;5233
474;naval_base;2702;11;1390;0;8618
474;naval_base;2751;11;1389;0;5233
474;naval_base;2721;11;1390;0;5233
474;naval_base;2667;11;1373;0;5284
478;naval_base;2807;11;1299;0;5454
478;naval_base;2811;11;1330;0;5454
478;naval_base;2794;11;1286;0;5431
478;naval_base;2807;11;1325;0;5454
478;naval_base;2800;11;1313;0;5454
478;naval_base;2801;11;1307;0;5454
478;naval_base;2803;11;1319;0;5454
478;naval_base;2788;11;1279;0;5431
478;naval_base;2783;11;1277;0;5431
479;naval_base;2706;11;1262;0;5382
479;naval_base;2704;11;1268;0;5382
479;naval_base;2697;11;1272;0;5382
479;naval_base;2692;11;1272;0;5382
480;naval_base;2760;11;1264;0;8793
480;naval_base;2777;11;1272;0;5431
480;naval_base;2741;11;1263;0;5407
480;naval_base;2726;11;1258;0;5407
480;naval_base;2734;11;1260;0;5407
480;naval_base;2749;11;1263;0;5407
480;naval_base;2776;11;1268;0;5431
481;naval_base;4693;11;871;0;2876
481;naval_base;4700;11;893;0;8572
481;naval_base;4722;11;869;0;2876
481;naval_base;4704;11;901;0;8572
481;naval_base;4686;11;907;0;8701
481;naval_base;4713;11;941;0;8595
481;naval_base;4712;11;931;0;8595
481;naval_base;4743;11;853;0;2856
481;naval_base;4707;11;907;0;8572
481;naval_base;4697;11;862;0;2876
481;naval_base;4686;11;924;0;8701
481;naval_base;4686;11;934;0;8676
481;naval_base;4747;11;869;0;8572
481;naval_base;4679;11;893;0;5463
481;naval_base;4691;11;885;0;5463
481;naval_base;4683;11;884;0;5463
481;naval_base;4713;11;910;0;8572
481;naval_base;4703;11;885;0;8572
481;naval_base;4688;11;946;0;8676
481;naval_base;4718;11;923;0;8595
481;naval_base;4694;11;880;0;5463
481;naval_base;4694;11;848;0;2876
481;naval_base;4678;11;903;0;5463
481;naval_base;4719;11;864;0;2876
481;naval_base;4697;11;948;0;8676
481;naval_base;4702;11;870;0;2876
481;naval_base;4684;11;914;0;8701
481;naval_base;4727;11;857;0;2876
482;naval_base;4749;11;834;0;2876
482;naval_base;4733;11;822;0;2876
482;naval_base;4757;11;848;0;2856
482;naval_base;4764;11;841;0;2856
482;naval_base;4726;11;831;0;2876
482;naval_base;4758;11;812;0;8751
482;naval_base;4765;11;830;0;2856
482;naval_base;4655;11;796;0;2946
482;naval_base;4734;11;843;0;2876
482;naval_base;4750;11;803;0;8751
482;naval_base;4670;11;826;0;2971
482;naval_base;4716;11;834;0;2876
482;naval_base;4632;11;774;0;2857
482;naval_base;4724;11;795;0;2899
482;naval_base;4711;11;844;0;2876
482;naval_base;4724;11;809;0;8727
482;naval_base;4741;11;824;0;2876
482;naval_base;4735;11;805;0;8751
483;naval_base;4762;11;753;0;8670
483;naval_base;4774;11;803;0;2856
483;naval_base;4777;11;780;0;8696
483;naval_base;4714;11;762;0;2899
483;naval_base;4767;11;759;0;8670
483;naval_base;4758;11;742;0;2922
483;naval_base;4712;11;771;0;2899
483;naval_base;4746;11;764;0;2899
483;naval_base;4774;11;754;0;8670
483;naval_base;4729;11;782;0;2899
483;naval_base;4723;11;769;0;2899
483;naval_base;4729;11;769;0;2899
483;naval_base;4711;11;749;0;2899
483;naval_base;4754;11;788;0;8751
483;naval_base;4744;11;777;0;2899
483;naval_base;4740;11;770;0;2899
483;naval_base;4781;11;768;0;8696
483;naval_base;4741;11;755;0;2899
483;naval_base;4760;11;739;0;2922
483;naval_base;4764;11;790;0;8751
483;naval_base;4774;11;792;0;2856
484;naval_base;2737;11;1234;0;5407
484;naval_base;2746;11;1235;0;5407
484;naval_base;2712;11;1240;0;2400
484;naval_base;2710;11;1236;0;2400
484;naval_base;2730;11;1236;0;5407
484;naval_base;2755;11;1235;0;5407
485;naval_base;2943;11;705;0;3818
486;naval_base;2633;11;1120;0;2246
486;naval_base;2656;11;1144;0;2272
486;naval_base;2588;11;1082;0;210
486;naval_base;2626;11;1113;0;2246
486;naval_base;2647;11;1131;0;2272
486;naval_base;2561;11;1110;0;210
487;naval_base;1611;11;1191;0;2500
487;naval_base;1594;11;1224;0;5700
487;naval_base;1481;11;1223;0;5735
487;naval_base;1554;11;1223;0;5735
487;naval_base;1605;11;1215;0;5700
487;naval_base;1632;11;1192;0;5658
487;naval_base;1524;11;1237;0;5735
487;naval_base;1575;11;1219;0;5735
487;naval_base;1529;11;1228;0;5735
487;naval_base;1623;11;1210;0;5700
488;naval_base;1781;11;1163;0;5507
489;naval_base;5083;11;911;0;2855
489;naval_base;4891;11;775;0;3805
489;naval_base;4889;11;760;0;3805
489;naval_base;5064;11;860;0;2901
489;naval_base;5075;11;879;0;2901
489;naval_base;5079;11;899;0;2855
490;naval_base;2777;11;1233;0;8793
491;naval_base;2653;11;1163;0;2272
491;naval_base;2686;11;1206;0;2400
491;naval_base;2663;11;1189;0;8937
492;naval_base;2707;11;1227;0;2400
492;naval_base;2700;11;1214;0;2400
494;naval_base;2950;11;1820;0;2554
494;naval_base;3153;11;2005;0;5792
494;naval_base;3044;11;1929;0;5869
494;naval_base;3106;11;1992;0;5792
494;naval_base;3265;11;1993;0;5765
494;naval_base;3095;11;1975;0;5792
494;naval_base;2982;11;1846;0;2554
494;naval_base;2888;11;1786;0;5942
494;naval_base;3072;11;1945;0;5869
494;naval_base;3195;11;2015;0;8326
494;naval_base;3175;11;2000;0;5792
494;naval_base;2968;11;1839;0;2554
494;naval_base;2964;11;1817;0;2554
494;naval_base;3059;11;1943;0;5869
494;naval_base;3158;11;1995;0;5792
494;naval_base;3014;11;1897;0;5869
494;naval_base;3123;11;1974;0;5792
494;naval_base;3128;11;1987;0;5792
494;naval_base;3007;11;1884;0;5869
494;naval_base;2943;11;1817;0;2554
494;naval_base;3010;11;1878;0;5869
494;naval_base;3052;11;1936;0;5869
494;naval_base;3070;11;1956;0;5792
494;naval_base;3211;11;2006;0;8326
494;naval_base;2975;11;1822;0;2554
494;naval_base;2979;11;1853;0;2554
494;naval_base;3025;11;1907;0;5869
494;naval_base;3143;11;1993;0;5792
494;naval_base;3269;11;1987;0;5765
494;naval_base;2963;11;1826;0;2554
494;naval_base;2996;11;1866;0;5869
494;naval_base;3040;11;1912;0;5869
494;naval_base;3243;11;2010;0;5765
494;naval_base;3244;11;2002;0;5765
494;naval_base;3197;11;1993;0;8326
494;naval_base;3271;11;1982;0;5765
494;naval_base;3038;11;1917;0;5869
494;naval_base;2921;11;1797;0;5942
494;naval_base;2982;11;1830;0;2554
494;naval_base;2928;11;1809;0;5942
494;naval_base;3280;11;2005;0;5765
494;naval_base;3115;11;1979;0;5792
494;naval_base;3263;11;2010;0;5765
494;naval_base;3169;11;1992;0;5792
494;naval_base;3072;11;1971;0;5792
494;naval_base;2933;11;1802;0;5942
494;naval_base;3044;11;1948;0;2578
494;naval_base;2684;11;1796;0;8300
495;naval_base;2968;11;1721;0;2455
495;naval_base;2893;11;1708;0;2506
495;naval_base;2899;11;1731;0;1227
495;naval_base;2894;11;1747;0;2530
495;naval_base;2900;11;1713;0;2506
495;naval_base;2888;11;1763;0;2530
495;naval_base;2889;11;1771;0;2530
495;naval_base;2901;11;1760;0;2530
495;naval_base;2910;11;1765;0;2530
495;naval_base;2888;11;1725;0;1227
495;naval_base;2904;11;1745;0;2530
495;naval_base;2956;11;1711;0;2455
495;naval_base;2903;11;1696;0;2506
495;naval_base;2949;11;1704;0;2455
495;naval_base;2963;11;1713;0;2455
495;naval_base;2936;11;1694;0;2455
495;naval_base;2941;11;1698;0;2455
495;naval_base;2915;11;1690;0;2506
496;naval_base;2973;11;1722;0;2455
496;naval_base;2974;11;1732;0;2455
496;naval_base;2980;11;1715;0;2455
497;naval_base;3087;11;1797;0;593
497;naval_base;3099;11;1813;0;593
497;naval_base;3079;11;1795;0;593
497;naval_base;3073;11;1759;0;593
497;naval_base;3120;11;1823;0;411
497;naval_base;3141;11;1862;0;4
497;naval_base;3159;11;1877;0;4
497;naval_base;3126;11;1828;0;411
497;naval_base;3149;11;1874;0;4
497;naval_base;3095;11;1805;0;593
497;naval_base;3144;11;1867;0;4
497;naval_base;3137;11;1855;0;4
497;naval_base;3172;11;1877;0;4
497;naval_base;3076;11;1791;0;593
497;naval_base;3076;11;1776;0;593
497;naval_base;3075;11;1751;0;593
497;naval_base;3074;11;1769;0;593
497;naval_base;3135;11;1849;0;4
498;naval_base;3093;11;1719;0;1211
498;naval_base;3084;11;1748;0;593
498;naval_base;3090;11;1722;0;1211
498;naval_base;3103;11;1729;0;1211
498;naval_base;3077;11;1707;0;2230
498;naval_base;3089;11;1744;0;593
498;naval_base;3067;11;1699;0;2230
499;naval_base;2982;11;1704;0;2455
499;naval_base;3070;11;1672;0;2230
499;naval_base;3061;11;1662;0;2282
499;naval_base;3057;11;1655;0;2282
499;naval_base;2993;11;1676;0;2431
499;naval_base;3101;11;1685;0;2107
499;naval_base;3063;11;1675;0;2230
499;naval_base;2998;11;1668;0;2431
499;naval_base;3029;11;1635;0;2333
499;naval_base;3099;11;1675;0;2107
499;naval_base;2986;11;1689;0;2455
499;naval_base;3006;11;1643;0;2382
499;naval_base;3005;11;1659;0;2431
499;naval_base;3008;11;1633;0;2382
499;naval_base;3004;11;1653;0;2431
499;naval_base;3030;11;1644;0;2333
499;naval_base;3055;11;1650;0;2282
499;naval_base;3041;11;1648;0;2333
499;naval_base;3022;11;1632;0;2382
499;naval_base;3066;11;1687;0;2230
505;naval_base;3997;11;806;0;224
505;naval_base;3998;11;795;0;224
507;naval_base;3253;11;1398;0;7906
507;naval_base;3268;11;1417;0;8131
507;naval_base;3255;11;1407;0;7906
507;naval_base;3248;11;1388;0;7906
509;naval_base;3105;11;1361;0;5838
511;naval_base;3238;11;1366;0;7906
511;naval_base;3240;11;1374;0;7906
512;naval_base;3241;11;1382;0;7906
513;naval_base;3166;11;1311;0;7452
513;naval_base;3122;11;1312;0;5864
513;naval_base;3127;11;1308;0;5864
514;naval_base;3220;11;1333;0;7452
514;naval_base;3243;11;1355;0;5412
514;naval_base;3232;11;1338;0;7678
514;naval_base;3239;11;1343;0;7678
514;naval_base;3259;11;1347;0;5412
514;naval_base;3273;11;1344;0;5412
515;naval_base;3223;11;1281;0;7226
515;naval_base;3226;11;1263;0;7226
515;naval_base;3198;11;1320;0;7452
515;naval_base;3241;11;1250;0;7002
516;naval_base;3118;11;1320;0;5864
516;naval_base;3109;11;1339;0;5838
516;naval_base;3112;11;1356;0;5838
516;naval_base;3110;11;1347;0;5838
516;naval_base;3108;11;1335;0;5838
517;naval_base;3325;11;1226;0;609
517;naval_base;3338;11;1231;0;609
518;naval_base;3257;11;1330;0;5412
518;naval_base;3260;11;1335;0;5412
518;naval_base;3274;11;1344;0;5412
518;naval_base;3253;11;1330;0;5412
519;naval_base;3220;11;1289;0;7226
519;naval_base;3222;11;1316;0;7452
519;naval_base;3228;11;1331;0;7678
519;naval_base;3232;11;1284;0;7226
519;naval_base;3227;11;1315;0;7452
519;naval_base;3227;11;1330;0;7678
519;naval_base;3234;11;1268;0;7226
519;naval_base;3232;11;1274;0;7226
519;naval_base;3246;11;1263;0;7002
519;naval_base;3226;11;1304;0;7452
519;naval_base;3263;11;1255;0;7002
520;naval_base;3288;11;1265;0;6608
520;naval_base;3279;11;1255;0;6608
520;naval_base;3294;11;1264;0;6608
520;naval_base;3312;11;1252;0;6419
520;naval_base;3334;11;1255;0;6419
520;naval_base;3303;11;1260;0;6608
520;naval_base;3329;11;1252;0;6419
520;naval_base;3343;11;1262;0;6419
521;naval_base;3370;11;1265;0;6419
521;naval_base;3355;11;1261;0;6419
521;naval_base;3349;11;1264;0;6419
522;naval_base;3412;11;1342;0;8334
522;naval_base;3438;11;1343;0;8334
522;naval_base;3425;11;1342;0;8334
522;naval_base;3446;11;1347;0;8334
522;naval_base;3385;11;1345;0;8334
523;naval_base;3285;11;1344;0;5412
523;naval_base;3323;11;1359;0;8256
523;naval_base;3345;11;1359;0;8308
523;naval_base;3334;11;1360;0;8256
523;naval_base;3355;11;1356;0;8308
523;naval_base;3301;11;1350;0;8256
523;naval_base;3367;11;1355;0;8308
523;naval_base;3310;11;1355;0;8256
525;naval_base;3364;11;1240;0;6419
525;naval_base;3366;11;1229;0;6419
525;naval_base;3365;11;1256;0;6419
528;naval_base;3559;11;1143;0;2896
528;naval_base;3555;11;1136;0;2896
529;naval_base;3007;11;1192;0;5631
529;naval_base;3003;11;1191;0;5631
529;naval_base;2992;11;1196;0;5631
530;naval_base;3058;11;1164;0;5733
530;naval_base;3048;11;1170;0;5733
530;naval_base;3118;11;1155;0;9049
530;naval_base;3177;11;1180;0;5961
530;naval_base;3109;11;1148;0;9049
530;naval_base;3152;11;1193;0;20
530;naval_base;3065;11;1164;0;5733
530;naval_base;3104;11;1147;0;9049
530;naval_base;3120;11;1165;0;9049
530;naval_base;3186;11;1177;0;5961
530;naval_base;3147;11;1194;0;20
530;naval_base;3021;11;1191;0;5733
530;naval_base;3163;11;1189;0;5961
530;naval_base;3032;11;1186;0;5733
530;naval_base;3044;11;1182;0;5733
530;naval_base;3167;11;1183;0;5961
530;naval_base;3078;11;1160;0;9049
530;naval_base;3089;11;1156;0;9049
530;naval_base;3195;11;1177;0;5961
530;naval_base;3125;11;1186;0;20
530;naval_base;3121;11;1182;0;20
530;naval_base;3098;11;1149;0;9049
530;naval_base;3138;11;1191;0;20
532;naval_base;3352;11;1133;0;5388
533;naval_base;3362;11;1213;0;609
533;naval_base;3354;11;1193;0;609
533;naval_base;3363;11;1219;0;609
533;naval_base;3356;11;1202;0;609
534;naval_base;3351;11;1135;0;5388
534;naval_base;3351;11;1185;0;6219
534;naval_base;3343;11;1168;0;6219
534;naval_base;3347;11;1175;0;6219
535;naval_base;3567;11;1106;0;2896
535;naval_base;3587;11;1081;0;2691
536;naval_base;3369;11;1088;0;2825
536;naval_base;3446;11;960;0;8766
536;naval_base;3398;11;1042;0;2825
536;naval_base;3379;11;1071;0;2825
536;naval_base;3470;11;921;0;2800
536;naval_base;3386;11;1053;0;2825
536;naval_base;3348;11;1114;0;5388
536;naval_base;3416;11;1001;0;8742
546;naval_base;2890;11;736;0;8707
546;naval_base;2912;11;721;0;1886
546;naval_base;2934;11;722;0;3818
547;naval_base;2960;11;696;0;3818
547;naval_base;2956;11;710;0;3818
555;naval_base;2960;11;652;0;3625
555;naval_base;2970;11;599;0;2108
555;naval_base;2955;11;668;0;3625
557;naval_base;2986;11;581;0;2108
559;naval_base;3184;11;1328;0;7452
559;naval_base;3175;11;1337;0;7452
559;naval_base;3182;11;1338;0;7452
559;naval_base;3161;11;1334;0;7452
559;naval_base;3194;11;1341;0;7452
559;naval_base;3163;11;1332;0;7452
559;naval_base;3210;11;1340;0;7452
561;naval_base;1371;11;1099;0;2889
561;naval_base;1426;11;1123;0;5814
562;naval_base;1500;11;1114;0;5709
562;naval_base;1443;11;1123;0;5814
562;naval_base;1441;11;1082;0;3239
563;naval_base;1498;11;1054;0;5709
563;naval_base;1501;11;1084;0;5709
563;naval_base;1460;11;1055;0;2756
564;naval_base;1511;11;1026;0;2284
564;naval_base;1506;11;1032;0;2284
564;naval_base;1475;11;1031;0;2756
565;naval_base;1895;11;297;0;5951
565;naval_base;1959;11;301;0;5951
565;naval_base;1928;11;290;0;5951
565;naval_base;1893;11;319;0;5951
565;naval_base;1946;11;290;0;5951
581;naval_base;1622;11;1499;0;8492
581;naval_base;1618;11;1516;0;8492
581;naval_base;1613;11;1530;0;8492
581;naval_base;1626;11;1532;0;8492
581;naval_base;1633;11;1516;0;8492
582;naval_base;1613;11;1524;0;8492
583;naval_base;1629;11;1540;0;8492
584;naval_base;1649;11;1556;0;8518
584;naval_base;1649;11;1543;0;8518
584;naval_base;1644;11;1532;0;8492
584;naval_base;1637;11;1527;0;8492
584;naval_base;1647;11;1550;0;8518
584;naval_base;1631;11;1537;0;8492
585;naval_base;1672;11;1560;0;8518
585;naval_base;1652;11;1556;0;8518
586;naval_base;1695;11;1572;0;8518
586;naval_base;1696;11;1577;0;8518
586;naval_base;1703;11;1592;0;8543
586;naval_base;1672;11;1567;0;8518
586;naval_base;1682;11;1568;0;8518
586;naval_base;1659;11;1563;0;8518
586;naval_base;1690;11;1570;0;8518
587;naval_base;1732;11;1626;0;8543
587;naval_base;1751;11;1631;0;8543
587;naval_base;1701;11;1599;0;8543
587;naval_base;1710;11;1612;0;8543
587;naval_base;1723;11;1620;0;8543
587;naval_base;1730;11;1628;0;8543
588;naval_base;865;11;1585;0;5381
588;naval_base;869;11;1624;0;2921
588;naval_base;883;11;1661;0;5335
588;naval_base;865;11;1603;0;2921
588;naval_base;872;11;1643;0;5335
588;naval_base;868;11;1615;0;2921
589;naval_base;891;11;1698;0;5257
589;naval_base;872;11;1670;0;5335
589;naval_base;896;11;1695;0;5257
589;naval_base;889;11;1687;0;5257
589;naval_base;895;11;1709;0;5257
589;naval_base;874;11;1702;0;5257
589;naval_base;883;11;1663;0;5335
594;naval_base;867;11;1556;0;5381
594;naval_base;893;11;1507;0;5430
594;naval_base;920;11;1457;0;2875
594;naval_base;976;11;1413;0;2875
594;naval_base;870;11;1570;0;5381
594;naval_base;907;11;1505;0;5430
594;naval_base;914;11;1463;0;2875
594;naval_base;883;11;1515;0;2898
594;naval_base;913;11;1505;0;5430
594;naval_base;876;11;1525;0;2898
594;naval_base;925;11;1443;0;2875
594;naval_base;973;11;1420;0;2875
594;naval_base;906;11;1484;0;5430
594;naval_base;902;11;1495;0;5430
594;naval_base;911;11;1508;0;5430
594;naval_base;873;11;1540;0;2898
594;naval_base;958;11;1432;0;2875
594;naval_base;908;11;1510;0;5430
594;naval_base;958;11;1422;0;2875
594;naval_base;931;11;1433;0;2875
598;naval_base;1328;11;1356;0;2646
598;naval_base;1289;11;1330;0;2646
598;naval_base;1303;11;1339;0;2646
598;naval_base;1280;11;1316;0;2646
598;naval_base;1324;11;1350;0;2646
598;naval_base;1287;11;1304;0;2646
598;naval_base;1311;11;1340;0;2646
599;naval_base;1371;11;1355;0;5963
599;naval_base;1389;11;1347;0;2722
599;naval_base;1402;11;1367;0;6223
599;naval_base;1403;11;1361;0;6223
599;naval_base;1351;11;1358;0;5963
599;naval_base;1392;11;1349;0;2722
603;naval_base;1414;11;1368;0;6223
603;naval_base;1423;11;1369;0;6223
604;naval_base;1430;11;1370;0;6223
604;naval_base;1436;11;1368;0;6223
605;naval_base;1546;11;1332;0;8135
605;naval_base;1504;11;1354;0;6612
605;naval_base;1538;11;1356;0;8135
605;naval_base;1516;11;1340;0;6612
605;naval_base;1550;11;1280;0;6805
605;naval_base;1530;11;1292;0;6422
605;naval_base;1520;11;1325;0;6422
605;naval_base;1539;11;1309;0;6422
605;naval_base;1461;11;1370;0;6223
605;naval_base;1471;11;1362;0;6612
605;naval_base;1486;11;1361;0;6612
605;naval_base;1543;11;1314;0;6422
605;naval_base;1537;11;1361;0;8135
605;naval_base;1543;11;1343;0;8135
605;naval_base;1525;11;1310;0;6422
606;naval_base;1534;11;1381;0;8363
606;naval_base;1546;11;1404;0;8363
606;naval_base;1550;11;1407;0;8363
606;naval_base;1570;11;1421;0;8389
606;naval_base;1574;11;1427;0;8389
606;naval_base;1537;11;1390;0;8363
607;naval_base;1579;11;1431;0;8389
607;naval_base;1627;11;1461;0;8465
607;naval_base;1599;11;1443;0;8389
607;naval_base;1610;11;1446;0;8389
607;naval_base;1604;11;1459;0;8465
607;naval_base;1608;11;1468;0;8465
607;naval_base;1617;11;1472;0;8465
608;naval_base;1619;11;1479;0;8465
608;naval_base;1609;11;1493;0;8492
608;naval_base;1599;11;1516;0;8492
608;naval_base;1612;11;1505;0;8492
608;naval_base;1606;11;1490;0;8492
608;naval_base;1602;11;1513;0;8492
610;naval_base;5516;11;654;0;8290
610;naval_base;5507;11;703;0;5941
610;naval_base;5535;11;628;0;8570
610;naval_base;5511;11;668;0;8673
610;naval_base;5501;11;682;0;8673
610;naval_base;303;11;713;0;2674
610;naval_base;100;11;607;0;2891
610;naval_base;338;11;675;0;9087
611;naval_base;58;11;1778;0;2771
611;naval_base;339;11;1936;0;3201
611;naval_base;506;11;1965;0;3002
611;naval_base;528;11;1975;0;3002
611;naval_base;246;11;1938;0;2706
611;naval_base;431;11;1923;0;3253
611;naval_base;430;11;1975;0;3253
611;naval_base;250;11;1847;0;2581
611;naval_base;645;11;1941;0;2970
611;naval_base;345;11;1915;0;3201
611;naval_base;222;11;1828;0;6064
611;naval_base;492;11;1985;0;3002
611;naval_base;727;11;1870;0;2970
611;naval_base;677;11;1913;0;2970
612;naval_base;385;11;1032;0;5339
612;naval_base;346;11;1036;0;5339
612;naval_base;410;11;1014;0;8384
612;naval_base;427;11;981;0;8357
612;naval_base;434;11;983;0;8357
612;naval_base;156;11;913;0;5634
613;naval_base;1782;11;1031;0;2110
613;naval_base;1768;11;1038;0;2110
614;naval_base;1685;11;1047;0;2232
614;naval_base;1694;11;1015;0;2232
614;naval_base;1724;11;1053;0;2571
614;naval_base;1691;11;1039;0;2232
614;naval_base;1745;11;1036;0;2571
614;naval_base;1685;11;1019;0;2232
615;naval_base;1860;11;1005;0;2766
615;naval_base;1841;11;1024;0;2597
615;naval_base;1829;11;1028;0;2597
615;naval_base;1805;11;1038;0;2597
622;naval_base;3475;11;907;0;2800
622;naval_base;3580;11;887;0;5383
622;naval_base;3529;11;865;0;2753
622;naval_base;3650;11;848;0;2730
622;naval_base;3484;11;853;0;2776
622;naval_base;3470;11;895;0;2800
622;naval_base;3549;11;871;0;2753
622;naval_base;3628;11;915;0;2787
