state={
	id=442
	name= "STATE_442"
	manpower = 518416

	state_category = rural

	history={
		owner = W04
		victory_points = {
			9453 3
		}
		buildings = {
			infrastructure = 3
			industrial_complex = 0
			arms_factory = 0
			air_base = 0
		}
		add_core_of = W04
	}

	provinces={
		432 464 477 508 554 576 615 1220 1247 1272 1276 1303 1314 1318 1331 1360 1363 1371 1429 3459 3502 3618 3622 4227 4254 4294 4300 4303 4337 4340 4351 4369 4374 4376 4394 6498 6514 6523 6615 7233 7243 7313 7322 7337 7341 7354 7357 7370 7410 7429 7438 9453 9462 9469 9528 10131 10140 10164 10168 10196 10253 10264 10284 10295 10312 11442 11455 11469 11480 11510 11578 11591 12108 12115 12139 12143 12170 12179 12185 12198 12227 12229 12235 12254 12257 12266 12285 12294 
	}
}
